5.754887502163468
5.754887502163468
5.754887502163468
5.754887502163468
5.754887502163468
5.754887502163468
5.754887502163468
5.754887502163468
5.754887502163468
5.754887502163468
5.754887502163468
5.754887502163468
5.754887502163468
5.754887502163468
5.754887502163468
5.754887502163468
5.754887502163468
5.754887502163468
5.754887502163468
5.754887502163468
5.754887502163468
5.754887502163468
5.754887502163468
5.754887502163468
5.754887502163468
5.754887502163468
5.754887502163468
5.754887502163468
5.754887502163468
5.754887502163468
5.754887502163468
5.754887502163468
5.754887502163468
5.754887502163468
5.754887502163468
5.754887502163468
5.754887502163468
5.754887502163468
5.754887502163468
5.754887502163468
5.754887502163468
4.754887502163468
4.754887502163468
4.754887502163468
4.754887502163468
4.754887502163468
4.169925001442312
7.129283016944966
7.129283016944966
7.129283016944966
7.129283016944966
7.129283016944966
7.129283016944966
7.129283016944966
7.129283016944966
7.129283016944966
7.129283016944966
7.129283016944966
7.129283016944966
7.129283016944966
7.129283016944966
7.129283016944966
7.129283016944966
7.129283016944966
7.129283016944966
7.129283016944966
7.129283016944966
7.129283016944966
7.129283016944966
7.129283016944966
7.129283016944966
7.129283016944966
7.129283016944966
7.129283016944966
7.129283016944966
7.129283016944966
7.129283016944966
7.129283016944966
7.129283016944966
7.129283016944966
7.129283016944966
7.129283016944966
7.129283016944966
7.129283016944966
7.129283016944966
7.129283016944966
7.129283016944966
7.129283016944966
7.129283016944966
7.129283016944966
7.129283016944966
7.129283016944966
7.129283016944966
7.129283016944966
7.129283016944966
7.129283016944966
7.129283016944966
7.129283016944966
7.129283016944966
7.129283016944966
7.129283016944966
7.129283016944966
7.129283016944966
7.129283016944966
7.129283016944966
7.129283016944966
7.129283016944966
7.129283016944966
7.129283016944966
7.129283016944966
7.129283016944966
7.129283016944966
6.129283016944966
6.129283016944966
6.129283016944966
6.129283016944966
6.129283016944966
6.129283016944966
6.129283016944966
6.129283016944966
6.129283016944966
6.129283016944966
6.129283016944966
6.129283016944966
6.129283016944966
6.129283016944966
6.129283016944966
6.129283016944966
5.54432051622381
5.54432051622381
5.54432051622381
5.54432051622381
5.54432051622381
5.54432051622381
5.54432051622381
5.129283016944966
5.129283016944966
5.129283016944966
4.807354922057604
4.807354922057604
6.882643049361842
6.882643049361842
6.882643049361842
6.882643049361842
6.882643049361842
6.882643049361842
6.882643049361842
6.882643049361842
6.882643049361842
6.882643049361842
6.882643049361842
6.882643049361842
6.882643049361842
6.882643049361842
6.882643049361842
6.882643049361842
6.882643049361842
6.882643049361842
6.882643049361842
6.882643049361842
6.882643049361842
6.882643049361842
6.882643049361842
6.882643049361842
6.882643049361842
6.882643049361842
6.882643049361842
6.882643049361842
6.882643049361842
6.882643049361842
6.882643049361842
6.882643049361842
6.882643049361842
6.882643049361842
6.882643049361842
6.882643049361842
6.882643049361842
6.882643049361842
6.882643049361842
6.882643049361842
6.882643049361842
6.882643049361842
6.882643049361842
6.882643049361842
6.882643049361842
6.882643049361842
6.882643049361842
6.882643049361842
6.882643049361842
6.882643049361842
6.882643049361842
6.882643049361842
6.882643049361842
6.882643049361842
6.882643049361842
6.882643049361842
6.882643049361842
6.882643049361842
6.882643049361842
6.882643049361842
6.882643049361842
5.882643049361842
5.882643049361842
5.882643049361842
5.882643049361842
5.882643049361842
5.882643049361842
5.882643049361842
5.882643049361842
5.882643049361842
5.297680548640685
5.297680548640685
5.297680548640685
5.297680548640685
5.297680548640685
5.297680548640685
5.297680548640685
5.297680548640685
4.882643049361842
4.882643049361842
4.075288127304237
7.9886846867721655
7.9886846867721655
7.9886846867721655
7.9886846867721655
7.9886846867721655
7.9886846867721655
7.9886846867721655
7.9886846867721655
7.9886846867721655
7.9886846867721655
7.9886846867721655
7.9886846867721655
7.9886846867721655
7.9886846867721655
7.9886846867721655
7.9886846867721655
7.9886846867721655
7.9886846867721655
7.9886846867721655
7.9886846867721655
7.9886846867721655
7.9886846867721655
7.9886846867721655
7.9886846867721655
7.9886846867721655
7.9886846867721655
7.9886846867721655
7.9886846867721655
7.9886846867721655
7.9886846867721655
7.9886846867721655
7.9886846867721655
7.9886846867721655
7.9886846867721655
7.9886846867721655
7.9886846867721655
7.9886846867721655
7.9886846867721655
7.9886846867721655
7.9886846867721655
7.9886846867721655
7.9886846867721655
7.9886846867721655
6.9886846867721655
6.9886846867721655
6.9886846867721655
6.9886846867721655
6.9886846867721655
6.9886846867721655
6.9886846867721655
6.9886846867721655
6.9886846867721655
6.9886846867721655
6.9886846867721655
6.9886846867721655
6.9886846867721655
6.9886846867721655
6.9886846867721655
6.9886846867721655
6.9886846867721655
6.9886846867721655
6.9886846867721655
6.9886846867721655
6.9886846867721655
6.9886846867721655
6.9886846867721655
6.9886846867721655
6.9886846867721655
6.9886846867721655
6.9886846867721655
6.9886846867721655
6.9886846867721655
6.9886846867721655
6.9886846867721655
6.9886846867721655
6.9886846867721655
6.403722186051009
6.403722186051009
6.403722186051009
6.403722186051009
5.9886846867721655
5.9886846867721655
5.9886846867721655
5.9886846867721655
5.9886846867721655
5.9886846867721655
5.9886846867721655
5.9886846867721655
5.9886846867721655
5.666756591884804
5.666756591884804
5.403722186051009
5.403722186051009
5.403722186051009
5.403722186051009
5.181329764714562
4.9886846867721655
4.9886846867721655
4.9886846867721655
4.9886846867721655
4.403722186051009
4.403722186051009
9.187352073200497
9.187352073200497
9.187352073200497
9.187352073200497
9.187352073200497
9.187352073200497
9.187352073200497
9.187352073200497
9.187352073200497
9.187352073200497
9.187352073200497
9.187352073200497
9.187352073200497
9.187352073200497
9.187352073200497
9.187352073200497
9.187352073200497
9.187352073200497
9.187352073200497
9.187352073200497
9.187352073200497
9.187352073200497
9.187352073200497
9.187352073200497
9.187352073200497
9.187352073200497
9.187352073200497
9.187352073200497
9.187352073200497
9.187352073200497
9.187352073200497
9.187352073200497
9.187352073200497
9.187352073200497
9.187352073200497
9.187352073200497
9.187352073200497
9.187352073200497
9.187352073200497
9.187352073200497
9.187352073200497
9.187352073200497
9.187352073200497
9.187352073200497
9.187352073200497
9.187352073200497
9.187352073200497
9.187352073200497
9.187352073200497
9.187352073200497
9.187352073200497
9.187352073200497
9.187352073200497
9.187352073200497
9.187352073200497
9.187352073200497
9.187352073200497
9.187352073200497
9.187352073200497
9.187352073200497
9.187352073200497
9.187352073200497
9.187352073200497
9.187352073200497
9.187352073200497
9.187352073200497
9.187352073200497
9.187352073200497
9.187352073200497
9.187352073200497
9.187352073200497
9.187352073200497
9.187352073200497
9.187352073200497
9.187352073200497
9.187352073200497
9.187352073200497
9.187352073200497
9.187352073200497
9.187352073200497
9.187352073200497
9.187352073200497
9.187352073200497
9.187352073200497
9.187352073200497
9.187352073200497
9.187352073200497
9.187352073200497
9.187352073200497
9.187352073200497
9.187352073200497
9.187352073200497
9.187352073200497
9.187352073200497
9.187352073200497
9.187352073200497
9.187352073200497
9.187352073200497
9.187352073200497
9.187352073200497
9.187352073200497
9.187352073200497
9.187352073200497
9.187352073200497
9.187352073200497
9.187352073200497
9.187352073200497
9.187352073200497
9.187352073200497
9.187352073200497
9.187352073200497
9.187352073200497
9.187352073200497
9.187352073200497
9.187352073200497
9.187352073200497
9.187352073200497
9.187352073200497
9.187352073200497
9.187352073200497
9.187352073200497
9.187352073200497
9.187352073200497
9.187352073200497
9.187352073200497
9.187352073200497
9.187352073200497
9.187352073200497
9.187352073200497
9.187352073200497
9.187352073200497
9.187352073200497
8.187352073200497
8.187352073200497
8.187352073200497
8.187352073200497
8.187352073200497
8.187352073200497
8.187352073200497
8.187352073200497
8.187352073200497
8.187352073200497
8.187352073200497
8.187352073200497
8.187352073200497
8.187352073200497
8.187352073200497
8.187352073200497
8.187352073200497
8.187352073200497
8.187352073200497
8.187352073200497
8.187352073200497
8.187352073200497
7.60238957247934
7.60238957247934
7.60238957247934
7.60238957247934
7.60238957247934
7.60238957247934
7.60238957247934
7.60238957247934
7.60238957247934
7.60238957247934
7.60238957247934
7.60238957247934
7.187352073200496
7.187352073200496
7.187352073200496
6.865423978313134
6.865423978313134
6.865423978313134
6.865423978313134
6.865423978313134
6.60238957247934
6.60238957247934
6.60238957247934
6.60238957247934
6.379997151142892
6.379997151142892
6.379997151142892
6.379997151142892
6.187352073200496
6.187352073200496
6.187352073200496
5.865423978313134
5.727920454563199
5.60238957247934
5.60238957247934
5.60238957247934
5.60238957247934
5.486912355059404
5.486912355059404
5.486912355059404
5.280461477591978
5.280461477591978
5.280461477591978
5.099889231950157
5.017427071758184
4.865423978313134
4.60238957247934
4.486912355059404
8.174925682500678
8.174925682500678
8.174925682500678
8.174925682500678
8.174925682500678
8.174925682500678
8.174925682500678
8.174925682500678
8.174925682500678
8.174925682500678
8.174925682500678
8.174925682500678
8.174925682500678
8.174925682500678
8.174925682500678
8.174925682500678
8.174925682500678
8.174925682500678
8.174925682500678
8.174925682500678
8.174925682500678
8.174925682500678
8.174925682500678
8.174925682500678
8.174925682500678
8.174925682500678
8.174925682500678
8.174925682500678
8.174925682500678
8.174925682500678
8.174925682500678
8.174925682500678
8.174925682500678
8.174925682500678
8.174925682500678
8.174925682500678
8.174925682500678
8.174925682500678
8.174925682500678
8.174925682500678
8.174925682500678
8.174925682500678
8.174925682500678
8.174925682500678
8.174925682500678
8.174925682500678
8.174925682500678
8.174925682500678
8.174925682500678
8.174925682500678
8.174925682500678
8.174925682500678
8.174925682500678
8.174925682500678
8.174925682500678
8.174925682500678
8.174925682500678
8.174925682500678
8.174925682500678
8.174925682500678
8.174925682500678
8.174925682500678
8.174925682500678
8.174925682500678
8.174925682500678
8.174925682500678
8.174925682500678
8.174925682500678
8.174925682500678
8.174925682500678
8.174925682500678
8.174925682500678
8.174925682500678
8.174925682500678
8.174925682500678
8.174925682500678
8.174925682500678
8.174925682500678
7.174925682500679
7.174925682500679
7.174925682500679
7.174925682500679
7.174925682500679
7.174925682500679
7.174925682500679
7.174925682500679
7.174925682500679
7.174925682500679
7.174925682500679
7.174925682500679
7.174925682500679
7.174925682500679
7.174925682500679
7.174925682500679
7.174925682500679
7.174925682500679
7.174925682500679
7.174925682500679
7.174925682500679
7.174925682500679
7.174925682500679
7.174925682500679
7.174925682500679
7.174925682500679
7.174925682500679
7.174925682500679
7.174925682500679
7.174925682500679
7.174925682500679
7.174925682500679
7.174925682500679
7.174925682500679
7.174925682500679
6.589963181779523
6.589963181779523
6.589963181779523
6.589963181779523
6.589963181779523
6.589963181779523
6.174925682500679
6.174925682500679
6.174925682500679
6.174925682500679
6.174925682500679
6.174925682500679
5.8529975876133165
5.8529975876133165
5.8529975876133165
5.8529975876133165
5.589963181779523
5.589963181779523
5.3675707604430745
5.3675707604430745
5.3675707604430745
5.3675707604430745
5.005000681058367
5.005000681058367
4.8529975876133165
4.715494063863382
6.9886846867721655
6.9886846867721655
5.9886846867721655
5.9886846867721655
5.9886846867721655
5.9886846867721655
5.9886846867721655
5.9886846867721655
5.9886846867721655
5.9886846867721655
5.9886846867721655
5.403722186051009
5.403722186051009
5.403722186051009
5.403722186051009
4.9886846867721655
4.9886846867721655
4.9886846867721655
4.9886846867721655
4.9886846867721655
4.9886846867721655
4.9886846867721655
4.9886846867721655
4.9886846867721655
4.9886846867721655
4.403722186051009
4.403722186051009
4.403722186051009
4.403722186051009
4.403722186051009
4.403722186051009
4.403722186051009
4.403722186051009
4.181329764714562
7.523561956057013
7.523561956057013
7.523561956057013
7.523561956057013
7.523561956057013
7.523561956057013
7.523561956057013
7.523561956057013
7.523561956057013
7.523561956057013
7.523561956057013
7.523561956057013
7.523561956057013
7.523561956057013
7.523561956057013
7.523561956057013
7.523561956057013
7.523561956057013
7.523561956057013
7.523561956057013
7.523561956057013
7.523561956057013
7.523561956057013
7.523561956057013
7.523561956057013
7.523561956057013
7.523561956057013
7.523561956057013
7.523561956057013
7.523561956057013
7.523561956057013
7.523561956057013
7.523561956057013
7.523561956057013
7.523561956057013
7.523561956057013
7.523561956057013
7.523561956057013
7.523561956057013
7.523561956057013
7.523561956057013
7.523561956057013
7.523561956057013
7.523561956057013
7.523561956057013
7.523561956057013
7.523561956057013
7.523561956057013
7.523561956057013
7.523561956057013
7.523561956057013
7.523561956057013
7.523561956057013
7.523561956057013
7.523561956057013
7.523561956057013
7.523561956057013
7.523561956057013
7.523561956057013
7.523561956057013
7.523561956057013
7.523561956057013
7.523561956057013
7.523561956057013
7.523561956057013
7.523561956057013
7.523561956057013
7.523561956057013
7.523561956057013
7.523561956057013
7.523561956057013
6.523561956057013
6.523561956057013
6.523561956057013
6.523561956057013
6.523561956057013
6.523561956057013
6.523561956057013
6.523561956057013
6.523561956057013
6.523561956057013
6.523561956057013
6.523561956057013
6.523561956057013
6.523561956057013
6.523561956057013
6.523561956057013
6.523561956057013
6.523561956057013
6.523561956057013
6.523561956057013
6.523561956057013
6.523561956057013
6.523561956057013
6.523561956057013
6.523561956057013
6.523561956057013
6.523561956057013
6.523561956057013
6.523561956057013
6.523561956057013
5.938599455335857
5.938599455335857
5.938599455335857
5.938599455335857
5.938599455335857
5.938599455335857
5.938599455335857
5.938599455335857
5.938599455335857
5.523561956057013
5.523561956057013
5.20163386116965
4.938599455335857
4.716207033999408
6.94251450533924
6.94251450533924
6.94251450533924
6.94251450533924
6.94251450533924
6.94251450533924
6.94251450533924
6.94251450533924
6.94251450533924
6.94251450533924
6.94251450533924
6.94251450533924
6.94251450533924
6.94251450533924
5.94251450533924
5.357552004618084
5.357552004618084
4.94251450533924
4.94251450533924
4.94251450533924
4.94251450533924
4.94251450533924
4.94251450533924
4.94251450533924
4.94251450533924
4.94251450533924
4.94251450533924
4.94251450533924
4.94251450533924
4.94251450533924
4.94251450533924
4.94251450533924
4.94251450533924
4.94251450533924
4.94251450533924
4.94251450533924
4.94251450533924
4.620586410451877
3.94251450533924
3.94251450533924
7.845490050944376
7.845490050944376
7.845490050944376
7.845490050944376
7.845490050944376
7.845490050944376
7.845490050944376
7.845490050944376
7.845490050944376
7.845490050944376
7.845490050944376
7.845490050944376
7.845490050944376
7.845490050944376
7.845490050944376
7.845490050944376
7.845490050944376
7.845490050944376
7.845490050944376
6.845490050944376
6.845490050944376
6.845490050944376
6.845490050944376
6.845490050944376
6.260527550223219
5.845490050944376
5.845490050944376
5.845490050944376
5.845490050944376
5.845490050944376
5.845490050944376
5.845490050944376
5.845490050944376
5.845490050944376
5.845490050944376
5.845490050944376
5.845490050944376
5.845490050944376
5.845490050944376
5.845490050944376
5.845490050944376
5.845490050944376
5.845490050944376
5.845490050944376
5.845490050944376
5.845490050944376
5.523561956057013
5.523561956057013
5.523561956057013
5.523561956057013
5.523561956057013
5.260527550223219
5.260527550223219
5.260527550223219
5.260527550223219
5.260527550223219
5.260527550223219
5.038135128886771
4.845490050944376
4.523561956057013
4.038135128886771
4.038135128886771
6.94251450533924
6.94251450533924
6.94251450533924
6.94251450533924
6.94251450533924
6.94251450533924
6.94251450533924
6.94251450533924
6.94251450533924
6.94251450533924
6.94251450533924
6.94251450533924
6.94251450533924
6.94251450533924
6.94251450533924
6.94251450533924
6.94251450533924
6.94251450533924
6.94251450533924
6.94251450533924
6.94251450533924
6.94251450533924
6.94251450533924
6.94251450533924
6.94251450533924
6.94251450533924
6.94251450533924
6.94251450533924
6.94251450533924
6.94251450533924
6.94251450533924
6.94251450533924
6.94251450533924
6.94251450533924
6.94251450533924
6.94251450533924
6.94251450533924
6.94251450533924
6.94251450533924
6.94251450533924
6.94251450533924
6.94251450533924
6.94251450533924
6.94251450533924
6.94251450533924
6.94251450533924
6.94251450533924
5.94251450533924
5.94251450533924
5.94251450533924
5.94251450533924
5.94251450533924
5.94251450533924
5.94251450533924
5.94251450533924
5.94251450533924
5.94251450533924
5.94251450533924
5.94251450533924
5.94251450533924
5.357552004618084
4.94251450533924
4.94251450533924
4.620586410451877
4.620586410451877
4.620586410451877
4.620586410451877
4.357552004618084
4.357552004618084
4.135159583281636
7.247927513443585
7.247927513443585
7.247927513443585
7.247927513443585
7.247927513443585
7.247927513443585
7.247927513443585
7.247927513443585
7.247927513443585
7.247927513443585
7.247927513443585
7.247927513443585
7.247927513443585
7.247927513443585
7.247927513443585
7.247927513443585
7.247927513443585
7.247927513443585
7.247927513443585
7.247927513443585
7.247927513443585
7.247927513443585
7.247927513443585
7.247927513443585
7.247927513443585
7.247927513443585
7.247927513443585
7.247927513443585
7.247927513443585
7.247927513443585
7.247927513443585
7.247927513443585
7.247927513443585
7.247927513443585
7.247927513443585
7.247927513443585
7.247927513443585
7.247927513443585
7.247927513443585
7.247927513443585
7.247927513443585
7.247927513443585
7.247927513443585
6.662965012722429
6.247927513443585
6.247927513443585
6.247927513443585
6.247927513443585
6.247927513443585
6.247927513443585
6.247927513443585
6.247927513443585
6.247927513443585
6.247927513443585
6.247927513443585
6.247927513443585
5.9259994185562235
5.9259994185562235
5.9259994185562235
5.9259994185562235
5.662965012722429
5.662965012722429
5.662965012722429
5.4405725913859815
4.662965012722429
4.662965012722429
4.662965012722429
4.662965012722429
4.4405725913859815
3.4405725913859815
3.2479275134435857
8.330916878114618
8.330916878114618
8.330916878114618
8.330916878114618
8.330916878114618
8.330916878114618
8.330916878114618
8.330916878114618
8.330916878114618
8.330916878114618
8.330916878114618
8.330916878114618
8.330916878114618
8.330916878114618
8.330916878114618
8.330916878114618
8.330916878114618
8.330916878114618
8.330916878114618
8.330916878114618
8.330916878114618
8.330916878114618
8.330916878114618
8.330916878114618
8.330916878114618
8.330916878114618
8.330916878114618
8.330916878114618
8.330916878114618
8.330916878114618
8.330916878114618
8.330916878114618
8.330916878114618
8.330916878114618
8.330916878114618
8.330916878114618
8.330916878114618
8.330916878114618
8.330916878114618
8.330916878114618
8.330916878114618
7.330916878114617
7.330916878114617
7.330916878114617
7.330916878114617
7.330916878114617
7.330916878114617
7.330916878114617
7.330916878114617
7.330916878114617
7.330916878114617
7.330916878114617
7.330916878114617
7.330916878114617
7.330916878114617
7.330916878114617
7.330916878114617
7.330916878114617
7.330916878114617
7.330916878114617
7.330916878114617
6.745954377393461
6.745954377393461
6.745954377393461
6.745954377393461
6.330916878114617
6.330916878114617
6.330916878114617
6.330916878114617
6.330916878114617
6.330916878114617
6.330916878114617
6.330916878114617
6.330916878114617
6.330916878114617
6.330916878114617
6.330916878114617
6.330916878114617
6.330916878114617
6.330916878114617
6.330916878114617
6.330916878114617
6.330916878114617
6.008988783227255
6.008988783227255
6.008988783227255
5.745954377393461
5.745954377393461
5.745954377393461
5.745954377393461
5.745954377393461
5.523561956057013
5.523561956057013
5.523561956057013
5.523561956057013
5.330916878114617
5.160991876672305
4.8714852594773195
4.160991876672305
4.082989364671032
4.082989364671032
7.417852514885898
7.417852514885898
7.417852514885898
7.417852514885898
7.417852514885898
7.417852514885898
7.417852514885898
7.417852514885898
7.417852514885898
7.417852514885898
7.417852514885898
7.417852514885898
7.417852514885898
7.417852514885898
7.417852514885898
7.417852514885898
7.417852514885898
7.417852514885898
7.417852514885898
7.417852514885898
7.417852514885898
7.417852514885898
7.417852514885898
7.417852514885898
7.417852514885898
7.417852514885898
7.417852514885898
7.417852514885898
7.417852514885898
7.417852514885898
7.417852514885898
7.417852514885898
7.417852514885898
7.417852514885898
7.417852514885898
6.417852514885898
6.417852514885898
6.417852514885898
6.417852514885898
6.417852514885898
6.417852514885898
5.832890014164741
5.832890014164741
5.832890014164741
5.417852514885898
5.417852514885898
4.832890014164741
4.832890014164741
4.832890014164741
4.832890014164741
4.417852514885898
4.417852514885898
4.247927513443585
4.095924419998536
4.095924419998536
3.8328900141647417
3.8328900141647417
3.6104975928282936
6.643856189774724
6.643856189774724
6.643856189774724
6.643856189774724
6.643856189774724
6.643856189774724
6.643856189774724
6.643856189774724
6.643856189774724
6.643856189774724
6.643856189774724
6.643856189774724
6.643856189774724
6.643856189774724
6.643856189774724
6.643856189774724
6.643856189774724
6.643856189774724
6.643856189774724
6.643856189774724
6.643856189774724
6.643856189774724
6.643856189774724
5.643856189774724
5.058893689053568
4.643856189774724
4.643856189774724
4.643856189774724
4.643856189774724
4.643856189774724
4.643856189774724
4.643856189774724
4.643856189774724
4.643856189774724
4.643856189774724
4.643856189774724
4.643856189774724
4.321928094887363
4.321928094887363
4.321928094887363
3.473931188332412
7.383704292474052
7.383704292474052
7.383704292474052
7.383704292474052
7.383704292474052
7.383704292474052
7.383704292474052
7.383704292474052
7.383704292474052
7.383704292474052
7.383704292474052
7.383704292474052
7.383704292474052
7.383704292474052
7.383704292474052
7.383704292474052
7.383704292474052
7.383704292474052
7.383704292474052
7.383704292474052
7.383704292474052
7.383704292474052
7.383704292474052
7.383704292474052
7.383704292474052
7.383704292474052
7.383704292474052
7.383704292474052
7.383704292474052
7.383704292474052
7.383704292474052
7.383704292474052
7.383704292474052
7.383704292474052
7.383704292474052
7.383704292474052
7.383704292474052
7.383704292474052
7.383704292474052
7.383704292474052
7.383704292474052
7.383704292474052
7.383704292474052
7.383704292474052
7.383704292474052
7.383704292474052
7.383704292474052
6.383704292474052
6.383704292474052
6.383704292474052
6.383704292474052
6.383704292474052
6.383704292474052
6.383704292474052
6.383704292474052
6.383704292474052
6.383704292474052
5.798741791752896
5.798741791752896
5.798741791752896
5.798741791752896
5.798741791752896
5.06177619758669
5.06177619758669
5.06177619758669
4.798741791752896
4.798741791752896
4.798741791752896
4.576349370416448
4.06177619758669
2.2544212755290856
6.918863237274595
6.918863237274595
6.918863237274595
6.918863237274595
6.918863237274595
6.918863237274595
6.918863237274595
5.918863237274595
5.918863237274595
5.3339007365534385
5.3339007365534385
5.3339007365534385
5.3339007365534385
5.3339007365534385
5.3339007365534385
5.3339007365534385
5.3339007365534385
5.3339007365534385
5.3339007365534385
5.3339007365534385
4.918863237274595
4.3339007365534385
4.11150831521699
4.11150831521699
3.7489382358322825
3.7489382358322825
3.011972641666076
2.596935142387232
7.6653359171851765
7.6653359171851765
7.6653359171851765
7.6653359171851765
7.6653359171851765
7.6653359171851765
7.6653359171851765
7.6653359171851765
7.6653359171851765
7.6653359171851765
7.6653359171851765
7.6653359171851765
7.6653359171851765
7.6653359171851765
7.6653359171851765
7.6653359171851765
7.6653359171851765
7.6653359171851765
7.6653359171851765
7.6653359171851765
7.6653359171851765
7.6653359171851765
7.6653359171851765
7.6653359171851765
7.6653359171851765
7.6653359171851765
7.6653359171851765
7.6653359171851765
7.6653359171851765
7.6653359171851765
7.6653359171851765
7.6653359171851765
7.6653359171851765
7.6653359171851765
7.6653359171851765
7.6653359171851765
7.6653359171851765
7.6653359171851765
7.6653359171851765
7.6653359171851765
7.6653359171851765
7.6653359171851765
7.6653359171851765
7.6653359171851765
7.6653359171851765
7.6653359171851765
7.6653359171851765
7.6653359171851765
7.6653359171851765
7.6653359171851765
7.6653359171851765
7.6653359171851765
7.6653359171851765
7.6653359171851765
7.6653359171851765
6.6653359171851765
6.6653359171851765
6.6653359171851765
6.6653359171851765
6.6653359171851765
6.6653359171851765
6.6653359171851765
6.6653359171851765
6.6653359171851765
6.6653359171851765
6.6653359171851765
6.6653359171851765
6.6653359171851765
6.6653359171851765
6.6653359171851765
6.6653359171851765
6.6653359171851765
6.6653359171851765
6.6653359171851765
6.6653359171851765
6.6653359171851765
6.6653359171851765
6.6653359171851765
6.6653359171851765
6.6653359171851765
6.6653359171851765
6.6653359171851765
6.6653359171851765
6.6653359171851765
6.6653359171851765
6.6653359171851765
6.6653359171851765
6.6653359171851765
6.6653359171851765
6.08037341646402
6.08037341646402
6.08037341646402
6.08037341646402
6.08037341646402
6.08037341646402
5.6653359171851765
5.6653359171851765
5.6653359171851765
5.6653359171851765
5.6653359171851765
5.343407822297814
5.343407822297814
5.343407822297814
5.343407822297814
4.857980995127572
4.857980995127572
4.6653359171851765
6.930737337562887
6.930737337562887
6.930737337562887
6.930737337562887
6.930737337562887
6.930737337562887
6.930737337562887
6.930737337562887
6.930737337562887
6.930737337562887
6.930737337562887
6.930737337562887
6.930737337562887
6.930737337562887
6.930737337562887
6.930737337562887
6.930737337562887
6.930737337562887
6.930737337562887
6.930737337562887
6.930737337562887
6.930737337562887
6.930737337562887
6.930737337562887
6.930737337562887
6.930737337562887
6.930737337562887
5.930737337562887
5.930737337562887
5.930737337562887
5.930737337562887
5.930737337562887
5.930737337562887
5.930737337562887
5.930737337562887
5.34577483684173
5.34577483684173
5.34577483684173
4.930737337562887
4.930737337562887
4.930737337562887
4.930737337562887
4.608809242675524
4.608809242675524
4.34577483684173
4.34577483684173
3.9307373375628862
3.471305718925589
3.230297619421794
7.693486957499325
7.693486957499325
7.693486957499325
7.693486957499325
7.693486957499325
7.693486957499325
7.693486957499325
7.693486957499325
7.693486957499325
7.693486957499325
7.693486957499325
7.693486957499325
7.693486957499325
7.693486957499325
7.693486957499325
7.693486957499325
7.693486957499325
7.693486957499325
7.693486957499325
7.693486957499325
7.693486957499325
7.693486957499325
7.693486957499325
7.693486957499325
7.693486957499325
7.693486957499325
7.693486957499325
7.693486957499325
7.693486957499325
7.693486957499325
7.693486957499325
7.693486957499325
7.693486957499325
7.693486957499325
7.693486957499325
7.693486957499325
7.693486957499325
7.693486957499325
7.693486957499325
7.693486957499325
7.693486957499325
7.693486957499325
7.693486957499325
7.693486957499325
7.693486957499325
7.693486957499325
7.693486957499325
7.693486957499325
7.693486957499325
7.693486957499325
7.693486957499325
7.693486957499325
7.693486957499325
7.693486957499325
6.693486957499325
6.693486957499325
6.693486957499325
6.693486957499325
6.693486957499325
6.693486957499325
6.693486957499325
6.693486957499325
6.693486957499325
6.693486957499325
6.693486957499325
6.693486957499325
6.693486957499325
6.693486957499325
6.693486957499325
6.108524456778169
6.108524456778169
6.108524456778169
6.108524456778169
6.108524456778169
6.108524456778169
6.108524456778169
6.108524456778169
6.108524456778169
6.108524456778169
6.108524456778169
6.108524456778169
6.108524456778169
6.108524456778169
6.108524456778169
5.693486957499325
5.693486957499325
5.693486957499325
5.693486957499325
5.693486957499325
5.693486957499325
5.693486957499325
5.371558862611963
5.371558862611963
5.371558862611963
4.8861320354417215
4.8861320354417215
4.371558862611963
4.234055338862028