7.2384047393250786
7.2384047393250786
7.2384047393250786
7.2384047393250786
7.2384047393250786
7.2384047393250786
7.2384047393250786
7.2384047393250786
7.2384047393250786
7.2384047393250786
7.2384047393250786
7.2384047393250786
7.2384047393250786
7.2384047393250786
7.2384047393250786
7.2384047393250786
7.2384047393250786
7.2384047393250786
7.2384047393250786
6.2384047393250786
6.2384047393250786
6.2384047393250786
6.2384047393250786
6.2384047393250786
6.2384047393250786
6.2384047393250786
6.2384047393250786
6.2384047393250786
6.2384047393250786
6.2384047393250786
6.2384047393250786
6.2384047393250786
6.2384047393250786
6.2384047393250786
6.2384047393250786
6.2384047393250786
6.2384047393250786
6.2384047393250786
6.2384047393250786
6.2384047393250786
6.2384047393250786
5.6534422386039225
5.6534422386039225
5.6534422386039225
5.2384047393250786
4.916476644437717
4.916476644437717
4.916476644437717
4.916476644437717
4.916476644437717
4.6534422386039225
4.6534422386039225
4.431049817267475
4.2384047393250786
4.2384047393250786
3.3315141437165603
7.794415866350106
7.794415866350106
7.794415866350106
7.794415866350106
7.794415866350106
7.794415866350106
7.794415866350106
7.794415866350106
7.794415866350106
7.794415866350106
7.794415866350106
7.794415866350106
7.794415866350106
7.794415866350106
7.794415866350106
7.794415866350106
7.794415866350106
7.794415866350106
7.794415866350106
7.794415866350106
7.794415866350106
7.794415866350106
7.794415866350106
7.794415866350106
7.794415866350106
7.794415866350106
7.794415866350106
7.794415866350106
7.794415866350106
7.794415866350106
7.794415866350106
7.794415866350106
7.794415866350106
7.794415866350106
7.794415866350106
7.794415866350106
7.794415866350106
7.794415866350106
7.794415866350106
7.794415866350106
7.794415866350106
7.794415866350106
7.794415866350106
7.794415866350106
7.794415866350106
7.794415866350106
7.794415866350106
7.794415866350106
7.794415866350106
7.794415866350106
7.794415866350106
7.794415866350106
7.794415866350106
7.794415866350106
7.794415866350106
7.794415866350106
7.794415866350106
7.794415866350106
7.794415866350106
7.794415866350106
7.794415866350106
7.794415866350106
7.794415866350106
7.794415866350106
7.794415866350106
7.794415866350106
7.794415866350106
7.794415866350106
7.794415866350106
7.794415866350106
7.794415866350106
7.794415866350106
7.794415866350106
7.794415866350106
7.794415866350106
7.794415866350106
7.794415866350106
7.794415866350106
7.794415866350106
7.794415866350106
7.794415866350106
7.794415866350106
7.794415866350106
7.794415866350106
7.794415866350106
7.794415866350106
7.794415866350106
7.794415866350106
7.794415866350106
7.794415866350106
6.794415866350106
6.794415866350106
6.794415866350106
6.794415866350106
6.794415866350106
6.794415866350106
6.794415866350106
6.794415866350106
6.794415866350106
6.794415866350106
6.794415866350106
6.794415866350106
6.794415866350106
6.794415866350106
6.794415866350106
6.794415866350106
6.794415866350106
6.794415866350106
6.794415866350106
6.794415866350106
6.794415866350106
6.794415866350106
6.794415866350106
6.794415866350106
6.794415866350106
6.794415866350106
6.20945336562895
6.20945336562895
6.20945336562895
5.794415866350106
5.794415866350106
5.794415866350106
5.20945336562895
4.794415866350106
4.624490864907793
4.624490864907793
4.093976148209014
3.987060944292502
8.055282435501189
8.055282435501189
8.055282435501189
8.055282435501189
8.055282435501189
8.055282435501189
8.055282435501189
8.055282435501189
8.055282435501189
8.055282435501189
8.055282435501189
8.055282435501189
8.055282435501189
8.055282435501189
8.055282435501189
8.055282435501189
8.055282435501189
8.055282435501189
8.055282435501189
8.055282435501189
8.055282435501189
8.055282435501189
8.055282435501189
8.055282435501189
8.055282435501189
8.055282435501189
7.05528243550119
7.05528243550119
7.05528243550119
7.05528243550119
7.05528243550119
7.05528243550119
7.05528243550119
7.05528243550119
7.05528243550119
7.05528243550119
7.05528243550119
7.05528243550119
7.05528243550119
7.05528243550119
7.05528243550119
7.05528243550119
7.05528243550119
7.05528243550119
7.05528243550119
7.05528243550119
7.05528243550119
7.05528243550119
7.05528243550119
7.05528243550119
7.05528243550119
7.05528243550119
7.05528243550119
7.05528243550119
7.05528243550119
7.05528243550119
7.05528243550119
7.05528243550119
7.05528243550119
7.05528243550119
7.05528243550119
7.05528243550119
7.05528243550119
7.05528243550119
7.05528243550119
7.05528243550119
7.05528243550119
7.05528243550119
7.05528243550119
7.05528243550119
7.05528243550119
7.05528243550119
7.05528243550119
7.05528243550119
6.470319934780034
6.470319934780034
6.470319934780034
6.470319934780034
6.470319934780034
6.470319934780034
6.470319934780034
6.470319934780034
6.05528243550119
6.05528243550119
6.05528243550119
6.05528243550119
6.05528243550119
6.05528243550119
6.05528243550119
6.05528243550119
6.05528243550119
6.05528243550119
6.05528243550119
6.05528243550119
5.733354340613827
5.733354340613827
5.733354340613827
5.470319934780034
5.470319934780034
5.470319934780034
5.05528243550119
5.05528243550119
4.5958508168638925
4.470319934780034
8.149747119504681
8.149747119504681
8.149747119504681
8.149747119504681
8.149747119504681
8.149747119504681
8.149747119504681
8.149747119504681
8.149747119504681
8.149747119504681
8.149747119504681
8.149747119504681
8.149747119504681
8.149747119504681
8.149747119504681
8.149747119504681
8.149747119504681
8.149747119504681
8.149747119504681
8.149747119504681
8.149747119504681
8.149747119504681
8.149747119504681
8.149747119504681
8.149747119504681
8.149747119504681
8.149747119504681
8.149747119504681
8.149747119504681
8.149747119504681
8.149747119504681
8.149747119504681
8.149747119504681
8.149747119504681
8.149747119504681
8.149747119504681
8.149747119504681
8.149747119504681
8.149747119504681
8.149747119504681
8.149747119504681
8.149747119504681
8.149747119504681
8.149747119504681
8.149747119504681
8.149747119504681
8.149747119504681
8.149747119504681
8.149747119504681
8.149747119504681
8.149747119504681
8.149747119504681
8.149747119504681
8.149747119504681
8.149747119504681
8.149747119504681
8.149747119504681
8.149747119504681
8.149747119504681
8.149747119504681
8.149747119504681
8.149747119504681
8.149747119504681
8.149747119504681
8.149747119504681
8.149747119504681
8.149747119504681
8.149747119504681
8.149747119504681
8.149747119504681
8.149747119504681
8.149747119504681
8.149747119504681
8.149747119504681
8.149747119504681
8.149747119504681
8.149747119504681
8.149747119504681
8.149747119504681
8.149747119504681
8.149747119504681
8.149747119504681
8.149747119504681
8.149747119504681
8.149747119504681
8.149747119504681
8.149747119504681
8.149747119504681
8.149747119504681
8.149747119504681
8.149747119504681
8.149747119504681
8.149747119504681
8.149747119504681
8.149747119504681
8.149747119504681
8.149747119504681
8.149747119504681
8.149747119504681
8.149747119504681
8.149747119504681
8.149747119504681
8.149747119504681
8.149747119504681
8.149747119504681
8.149747119504681
8.149747119504681
8.149747119504681
8.149747119504681
8.149747119504681
8.149747119504681
8.149747119504681
8.149747119504681
8.149747119504681
8.149747119504681
8.149747119504681
8.149747119504681
8.149747119504681
8.149747119504681
8.149747119504681
8.149747119504681
8.149747119504681
8.149747119504681
8.149747119504681
7.149747119504682
7.149747119504682
7.149747119504682
7.149747119504682
7.149747119504682
7.149747119504682
7.149747119504682
7.149747119504682
7.149747119504682
7.149747119504682
7.149747119504682
7.149747119504682
7.149747119504682
7.149747119504682
7.149747119504682
7.149747119504682
7.149747119504682
7.149747119504682
7.149747119504682
7.149747119504682
7.149747119504682
7.149747119504682
7.149747119504682
7.149747119504682
7.149747119504682
7.149747119504682
7.149747119504682
7.149747119504682
7.149747119504682
6.564784618783526
6.564784618783526
6.564784618783526
6.564784618783526
6.149747119504682
6.149747119504682
6.149747119504682
6.149747119504682
6.149747119504682
5.82781902461732
5.82781902461732
5.82781902461732
5.82781902461732
5.564784618783526
5.564784618783526
5.564784618783526
5.3423921974470785
5.149747119504682
5.149747119504682
4.97982211806237
8.049848549450562
8.049848549450562
8.049848549450562
8.049848549450562
8.049848549450562
8.049848549450562
8.049848549450562
8.049848549450562
8.049848549450562
8.049848549450562
8.049848549450562
8.049848549450562
8.049848549450562
8.049848549450562
8.049848549450562
8.049848549450562
8.049848549450562
8.049848549450562
8.049848549450562
8.049848549450562
8.049848549450562
8.049848549450562
8.049848549450562
8.049848549450562
8.049848549450562
8.049848549450562
8.049848549450562
8.049848549450562
8.049848549450562
8.049848549450562
8.049848549450562
8.049848549450562
8.049848549450562
8.049848549450562
8.049848549450562
8.049848549450562
8.049848549450562
8.049848549450562
8.049848549450562
8.049848549450562
8.049848549450562
8.049848549450562
8.049848549450562
8.049848549450562
8.049848549450562
8.049848549450562
8.049848549450562
8.049848549450562
8.049848549450562
8.049848549450562
8.049848549450562
8.049848549450562
8.049848549450562
8.049848549450562
8.049848549450562
8.049848549450562
8.049848549450562
8.049848549450562
8.049848549450562
8.049848549450562
8.049848549450562
8.049848549450562
8.049848549450562
8.049848549450562
8.049848549450562
8.049848549450562
8.049848549450562
8.049848549450562
8.049848549450562
8.049848549450562
8.049848549450562
8.049848549450562
7.049848549450561
7.049848549450561
7.049848549450561
7.049848549450561
7.049848549450561
7.049848549450561
7.049848549450561
7.049848549450561
7.049848549450561
7.049848549450561
7.049848549450561
7.049848549450561
7.049848549450561
7.049848549450561
7.049848549450561
7.049848549450561
7.049848549450561
6.464886048729405
6.464886048729405
6.464886048729405
6.464886048729405
6.464886048729405
6.464886048729405
6.464886048729405
6.464886048729405
6.464886048729405
6.049848549450561
6.049848549450561
6.049848549450561
6.049848549450561
6.049848549450561
6.049848549450561
6.049848549450561
6.049848549450561
6.049848549450561
6.049848549450561
6.049848549450561
5.727920454563199
5.727920454563199
5.464886048729405
5.464886048729405
5.464886048729405
5.242493627392958
5.242493627392958
5.049848549450561
5.049848549450561
5.049848549450561
4.590416930813264
4.590416930813264
8.89178370321831
8.89178370321831
8.89178370321831
8.89178370321831
8.89178370321831
8.89178370321831
8.89178370321831
8.89178370321831
8.89178370321831
8.89178370321831
8.89178370321831
8.89178370321831
8.89178370321831
8.89178370321831
8.89178370321831
8.89178370321831
8.89178370321831
8.89178370321831
8.89178370321831
8.89178370321831
8.89178370321831
8.89178370321831
8.89178370321831
8.89178370321831
8.89178370321831
8.89178370321831
8.89178370321831
8.89178370321831
8.89178370321831
8.89178370321831
8.89178370321831
8.89178370321831
8.89178370321831
8.89178370321831
8.89178370321831
8.89178370321831
8.89178370321831
8.89178370321831
8.89178370321831
8.89178370321831
8.89178370321831
8.89178370321831
8.89178370321831
8.89178370321831
8.89178370321831
8.89178370321831
8.89178370321831
8.89178370321831
8.89178370321831
8.89178370321831
8.89178370321831
8.89178370321831
8.89178370321831
8.89178370321831
8.89178370321831
8.89178370321831
8.89178370321831
7.8917837032183105
7.8917837032183105
7.8917837032183105
7.8917837032183105
7.8917837032183105
7.8917837032183105
7.8917837032183105
7.8917837032183105
7.8917837032183105
7.8917837032183105
7.8917837032183105
7.8917837032183105
7.8917837032183105
7.8917837032183105
7.8917837032183105
7.8917837032183105
7.8917837032183105
7.8917837032183105
7.8917837032183105
7.8917837032183105
7.8917837032183105
7.8917837032183105
7.8917837032183105
7.8917837032183105
7.8917837032183105
7.8917837032183105
7.8917837032183105
7.8917837032183105
7.8917837032183105
7.8917837032183105
7.8917837032183105
7.8917837032183105
7.8917837032183105
7.8917837032183105
7.8917837032183105
7.8917837032183105
7.8917837032183105
7.8917837032183105
7.8917837032183105
7.8917837032183105
7.8917837032183105
7.8917837032183105
7.8917837032183105
7.8917837032183105
7.8917837032183105
7.8917837032183105
7.8917837032183105
7.8917837032183105
7.8917837032183105
7.8917837032183105
7.8917837032183105
7.8917837032183105
7.8917837032183105
7.8917837032183105
7.8917837032183105
7.8917837032183105
7.8917837032183105
7.8917837032183105
7.8917837032183105
7.8917837032183105
7.8917837032183105
7.8917837032183105
7.8917837032183105
7.8917837032183105
7.8917837032183105
7.8917837032183105
7.8917837032183105
7.8917837032183105
7.8917837032183105
7.8917837032183105
7.8917837032183105
7.306821202497154
7.306821202497154
7.306821202497154
7.306821202497154
7.306821202497154
7.306821202497154
7.306821202497154
7.306821202497154
7.306821202497154
7.306821202497154
7.306821202497154
7.306821202497154
7.306821202497154
7.306821202497154
7.306821202497154
7.306821202497154
6.8917837032183105
6.8917837032183105
6.8917837032183105
6.8917837032183105
6.8917837032183105
6.8917837032183105
6.8917837032183105
6.8917837032183105
6.8917837032183105
6.8917837032183105
6.569855608330948
6.569855608330948
6.569855608330948
6.306821202497154
6.306821202497154
6.084428781160706
6.084428781160706
5.8917837032183105
5.8917837032183105
5.8917837032183105
5.721858701775997
5.721858701775997
5.569855608330948
5.569855608330948
5.569855608330948
5.191343985077218
5.084428781160706
5.084428781160706
4.8917837032183105
4.721858701775997
7.562242424221073
7.562242424221073
7.562242424221073
7.562242424221073
7.562242424221073
7.562242424221073
7.562242424221073
7.562242424221073
7.562242424221073
7.562242424221073
7.562242424221073
7.562242424221073
7.562242424221073
7.562242424221073
7.562242424221073
7.562242424221073
7.562242424221073
7.562242424221073
7.562242424221073
7.562242424221073
7.562242424221073
7.562242424221073
7.562242424221073
7.562242424221073
7.562242424221073
7.562242424221073
7.562242424221073
7.562242424221073
7.562242424221073
7.562242424221073
7.562242424221073
7.562242424221073
7.562242424221073
7.562242424221073
7.562242424221073
7.562242424221073
7.562242424221073
7.562242424221073
7.562242424221073
7.562242424221073
7.562242424221073
7.562242424221073
7.562242424221073
7.562242424221073
7.562242424221073
7.562242424221073
7.562242424221073
7.562242424221073
6.562242424221073
6.562242424221073
6.562242424221073
6.562242424221073
6.562242424221073
6.562242424221073
6.562242424221073
6.562242424221073
6.562242424221073
6.562242424221073
6.562242424221073
6.562242424221073
6.562242424221073
6.562242424221073
6.562242424221073
6.562242424221073
6.562242424221073
6.562242424221073
6.562242424221073
6.562242424221073
6.562242424221073
6.562242424221073
6.562242424221073
6.562242424221073
6.562242424221073
6.562242424221073
6.562242424221073
6.562242424221073
6.562242424221073
6.562242424221073
6.562242424221073
6.562242424221073
6.562242424221073
6.562242424221073
6.562242424221073
6.562242424221073
6.562242424221073
6.562242424221073
5.977279923499917
5.977279923499917
5.977279923499917
5.977279923499917
5.977279923499917
5.562242424221073
5.562242424221073
5.562242424221073
5.562242424221073
5.562242424221073
5.562242424221073
5.562242424221073
5.562242424221073
5.562242424221073
4.977279923499917
4.562242424221073
7.734709620225838
7.734709620225838
7.734709620225838
7.734709620225838
7.734709620225838
7.734709620225838
7.734709620225838
7.734709620225838
7.734709620225838
7.734709620225838
7.734709620225838
7.734709620225838
7.734709620225838
7.734709620225838
7.734709620225838
7.734709620225838
7.734709620225838
7.734709620225838
7.734709620225838
7.734709620225838
7.734709620225838
7.734709620225838
7.734709620225838
7.734709620225838
7.734709620225838
7.734709620225838
7.734709620225838
7.734709620225838
7.734709620225838
7.734709620225838
6.734709620225838
6.734709620225838
6.734709620225838
6.734709620225838
6.734709620225838
6.734709620225838
6.734709620225838
6.734709620225838
6.734709620225838
6.734709620225838
6.734709620225838
6.734709620225838
6.734709620225838
6.734709620225838
6.734709620225838
6.734709620225838
6.734709620225838
6.734709620225838
6.734709620225838
6.734709620225838
6.734709620225838
6.734709620225838
6.734709620225838
6.734709620225838
6.734709620225838
6.734709620225838
6.734709620225838
6.734709620225838
6.734709620225838
6.734709620225838
6.149747119504682
6.149747119504682
6.149747119504682
6.149747119504682
6.149747119504682
6.149747119504682
6.149747119504682
6.149747119504682
5.734709620225838
5.734709620225838
5.734709620225838
5.734709620225838
5.412781525338476
5.412781525338476
5.149747119504682
5.149747119504682
5.149747119504682
4.927354698168234
4.734709620225838
4.564784618783526
4.564784618783526
4.412781525338476
4.149747119504682
8.820178962415188
8.820178962415188
8.820178962415188
8.820178962415188
8.820178962415188
8.820178962415188
8.820178962415188
8.820178962415188
8.820178962415188
8.820178962415188
8.820178962415188
8.820178962415188
8.820178962415188
8.820178962415188
8.820178962415188
8.820178962415188
8.820178962415188
8.820178962415188
8.820178962415188
8.820178962415188
8.820178962415188
8.820178962415188
8.820178962415188
8.820178962415188
8.820178962415188
8.820178962415188
8.820178962415188
8.820178962415188
8.820178962415188
8.820178962415188
8.820178962415188
8.820178962415188
8.820178962415188
8.820178962415188
8.820178962415188
8.820178962415188
8.820178962415188
8.820178962415188
8.820178962415188
8.820178962415188
8.820178962415188
8.820178962415188
8.820178962415188
8.820178962415188
8.820178962415188
8.820178962415188
8.820178962415188
8.820178962415188
8.820178962415188
8.820178962415188
8.820178962415188
8.820178962415188
8.820178962415188
8.820178962415188
8.820178962415188
8.820178962415188
8.820178962415188
8.820178962415188
8.820178962415188
8.820178962415188
8.820178962415188
8.820178962415188
8.820178962415188
8.820178962415188
8.820178962415188
8.820178962415188
8.820178962415188
8.820178962415188
8.820178962415188
8.820178962415188
8.820178962415188
8.820178962415188
8.820178962415188
8.820178962415188
8.820178962415188
8.820178962415188
8.820178962415188
8.820178962415188
8.820178962415188
8.820178962415188
8.820178962415188
8.820178962415188
8.820178962415188
8.820178962415188
8.820178962415188
8.820178962415188
8.820178962415188
8.820178962415188
8.820178962415188
8.820178962415188
8.820178962415188
8.820178962415188
8.820178962415188
8.820178962415188
8.820178962415188
8.820178962415188
8.820178962415188
8.820178962415188
8.820178962415188
8.820178962415188
8.820178962415188
8.820178962415188
8.820178962415188
8.820178962415188
8.820178962415188
8.820178962415188
8.820178962415188
8.820178962415188
8.820178962415188
8.820178962415188
8.820178962415188
8.820178962415188
8.820178962415188
8.820178962415188
8.820178962415188
8.820178962415188
8.820178962415188
8.820178962415188
8.820178962415188
8.820178962415188
8.820178962415188
8.820178962415188
8.820178962415188
8.820178962415188
8.820178962415188
8.820178962415188
8.820178962415188
8.820178962415188
8.820178962415188
8.820178962415188
8.820178962415188
8.820178962415188
8.820178962415188
8.820178962415188
8.820178962415188
8.820178962415188
8.820178962415188
8.820178962415188
8.820178962415188
8.820178962415188
8.820178962415188
8.820178962415188
8.820178962415188
8.820178962415188
8.820178962415188
8.820178962415188
8.820178962415188
8.820178962415188
8.820178962415188
8.820178962415188
8.820178962415188
8.820178962415188
8.820178962415188
8.820178962415188
8.820178962415188
8.820178962415188
8.820178962415188
8.820178962415188
8.820178962415188
8.820178962415188
8.820178962415188
8.820178962415188
8.820178962415188
8.820178962415188
8.820178962415188
8.820178962415188
8.820178962415188
8.820178962415188
8.820178962415188
8.820178962415188
8.820178962415188
8.820178962415188
8.820178962415188
8.820178962415188
8.820178962415188
8.820178962415188
8.820178962415188
8.820178962415188
8.820178962415188
8.820178962415188
8.820178962415188
8.820178962415188
8.820178962415188
8.820178962415188
8.820178962415188
8.820178962415188
8.820178962415188
8.820178962415188
8.820178962415188
8.820178962415188
8.820178962415188
8.820178962415188
8.820178962415188
7.820178962415188
7.820178962415188
7.820178962415188
7.820178962415188
7.820178962415188
7.820178962415188
7.820178962415188
7.820178962415188
7.820178962415188
7.820178962415188
7.820178962415188
7.820178962415188
7.820178962415188
7.820178962415188
7.820178962415188
7.820178962415188
7.820178962415188
7.820178962415188
7.820178962415188
7.820178962415188
7.820178962415188
7.820178962415188
7.820178962415188
7.820178962415188
7.820178962415188
7.820178962415188
7.235216461694032
7.235216461694032
7.235216461694032
7.235216461694032
7.235216461694032
7.235216461694032
7.235216461694032
7.235216461694032
7.235216461694032
7.235216461694032
6.820178962415188
6.820178962415188
6.820178962415188
6.820178962415188
6.820178962415188
6.820178962415188
6.820178962415188
6.820178962415188
6.820178962415188
6.820178962415188
6.498250867527825
6.235216461694032
6.235216461694032
6.012824040357583
5.820178962415188
5.650253960972876
5.650253960972876
5.498250867527825
5.498250867527825
5.3607473437778905
4.913288366806669
4.572251448971602
4.3607473437778905
10.256208688527387
10.256208688527387
10.256208688527387
10.256208688527387
10.256208688527387
10.256208688527387
10.256208688527387
10.256208688527387
10.256208688527387
10.256208688527387
10.256208688527387
10.256208688527387
10.256208688527387
10.256208688527387
10.256208688527387
10.256208688527387
10.256208688527387
10.256208688527387
10.256208688527387
10.256208688527387
10.256208688527387
10.256208688527387
10.256208688527387
10.256208688527387
10.256208688527387
10.256208688527387
10.256208688527387
10.256208688527387
10.256208688527387
10.256208688527387
10.256208688527387
10.256208688527387
10.256208688527387
10.256208688527387
10.256208688527387
10.256208688527387
10.256208688527387
10.256208688527387
10.256208688527387
10.256208688527387
10.256208688527387
10.256208688527387
10.256208688527387
10.256208688527387
10.256208688527387
10.256208688527387
10.256208688527387
10.256208688527387
10.256208688527387
10.256208688527387
10.256208688527387
10.256208688527387
10.256208688527387
10.256208688527387
10.256208688527387
10.256208688527387
10.256208688527387
10.256208688527387
10.256208688527387
10.256208688527387
10.256208688527387
10.256208688527387
10.256208688527387
10.256208688527387
10.256208688527387
10.256208688527387
10.256208688527387
10.256208688527387
10.256208688527387
10.256208688527387
10.256208688527387
10.256208688527387
10.256208688527387
10.256208688527387
10.256208688527387
10.256208688527387
10.256208688527387
10.256208688527387
10.256208688527387
10.256208688527387
10.256208688527387
10.256208688527387
10.256208688527387
10.256208688527387
10.256208688527387
10.256208688527387
10.256208688527387
10.256208688527387
10.256208688527387
10.256208688527387
10.256208688527387
10.256208688527387
10.256208688527387
10.256208688527387
10.256208688527387
10.256208688527387
10.256208688527387
10.256208688527387
10.256208688527387
10.256208688527387
10.256208688527387
10.256208688527387
10.256208688527387
10.256208688527387
10.256208688527387
10.256208688527387
10.256208688527387
10.256208688527387
10.256208688527387
10.256208688527387
10.256208688527387
10.256208688527387
10.256208688527387
10.256208688527387
10.256208688527387
10.256208688527387
10.256208688527387
10.256208688527387
10.256208688527387
10.256208688527387
10.256208688527387
10.256208688527387
10.256208688527387
10.256208688527387
10.256208688527387
10.256208688527387
10.256208688527387
10.256208688527387
10.256208688527387
10.256208688527387
10.256208688527387
10.256208688527387
10.256208688527387
10.256208688527387
10.256208688527387
10.256208688527387
10.256208688527387
10.256208688527387
10.256208688527387
10.256208688527387
10.256208688527387
10.256208688527387
10.256208688527387
10.256208688527387
10.256208688527387
10.256208688527387
10.256208688527387
10.256208688527387
10.256208688527387
10.256208688527387
10.256208688527387
10.256208688527387
10.256208688527387
10.256208688527387
10.256208688527387
10.256208688527387
10.256208688527387
10.256208688527387
10.256208688527387
10.256208688527387
10.256208688527387
10.256208688527387
10.256208688527387
10.256208688527387
10.256208688527387
10.256208688527387
10.256208688527387
10.256208688527387
10.256208688527387
10.256208688527387
10.256208688527387
10.256208688527387
10.256208688527387
10.256208688527387
10.256208688527387
10.256208688527387
10.256208688527387
10.256208688527387
10.256208688527387
10.256208688527387
10.256208688527387
10.256208688527387
10.256208688527387
10.256208688527387
10.256208688527387
10.256208688527387
10.256208688527387
10.256208688527387
10.256208688527387
10.256208688527387
10.256208688527387
10.256208688527387
10.256208688527387
10.256208688527387
10.256208688527387
10.256208688527387
10.256208688527387
10.256208688527387
10.256208688527387
10.256208688527387
10.256208688527387
10.256208688527387
10.256208688527387
10.256208688527387
10.256208688527387
10.256208688527387
10.256208688527387
10.256208688527387
10.256208688527387
10.256208688527387
10.256208688527387
10.256208688527387
10.256208688527387
10.256208688527387
10.256208688527387
10.256208688527387
10.256208688527387
10.256208688527387
10.256208688527387
10.256208688527387
10.256208688527387
10.256208688527387
10.256208688527387
10.256208688527387
10.256208688527387
10.256208688527387
10.256208688527387
10.256208688527387
10.256208688527387
10.256208688527387
10.256208688527387
10.256208688527387
10.256208688527387
10.256208688527387
10.256208688527387
10.256208688527387
10.256208688527387
10.256208688527387
10.256208688527387
10.256208688527387
10.256208688527387
10.256208688527387
10.256208688527387
10.256208688527387
10.256208688527387
10.256208688527387
10.256208688527387
10.256208688527387
10.256208688527387
10.256208688527387
10.256208688527387
10.256208688527387
10.256208688527387
10.256208688527387
10.256208688527387
10.256208688527387
10.256208688527387
10.256208688527387
10.256208688527387
10.256208688527387
10.256208688527387
10.256208688527387
10.256208688527387
10.256208688527387
10.256208688527387
10.256208688527387
10.256208688527387
10.256208688527387
10.256208688527387
10.256208688527387
10.256208688527387
10.256208688527387
10.256208688527387
10.256208688527387
10.256208688527387
10.256208688527387
10.256208688527387
10.256208688527387
10.256208688527387
10.256208688527387
10.256208688527387
10.256208688527387
10.256208688527387
10.256208688527387
10.256208688527387
10.256208688527387
10.256208688527387
10.256208688527387
10.256208688527387
10.256208688527387
10.256208688527387
10.256208688527387
10.256208688527387
10.256208688527387
10.256208688527387
10.256208688527387
10.256208688527387
10.256208688527387
10.256208688527387
10.256208688527387
10.256208688527387
10.256208688527387
10.256208688527387
10.256208688527387
10.256208688527387
10.256208688527387
10.256208688527387
10.256208688527387
10.256208688527387
10.256208688527387
10.256208688527387
10.256208688527387
10.256208688527387
10.256208688527387
10.256208688527387
10.256208688527387
10.256208688527387
10.256208688527387
10.256208688527387
10.256208688527387
10.256208688527387
10.256208688527387
10.256208688527387
10.256208688527387
10.256208688527387
10.256208688527387
10.256208688527387
10.256208688527387
10.256208688527387
10.256208688527387
10.256208688527387
10.256208688527387
10.256208688527387
10.256208688527387
10.256208688527387
10.256208688527387
10.256208688527387
10.256208688527387
10.256208688527387
10.256208688527387
10.256208688527387
10.256208688527387
10.256208688527387
10.256208688527387
10.256208688527387
10.256208688527387
10.256208688527387
10.256208688527387
10.256208688527387
10.256208688527387
10.256208688527387
10.256208688527387
10.256208688527387
10.256208688527387
10.256208688527387
10.256208688527387
10.256208688527387
10.256208688527387
10.256208688527387
10.256208688527387
10.256208688527387
10.256208688527387
10.256208688527387
10.256208688527387
10.256208688527387
9.256208688527387
9.256208688527387
9.256208688527387
9.256208688527387
9.256208688527387
9.256208688527387
9.256208688527387
9.256208688527387
9.256208688527387
9.256208688527387
9.256208688527387
9.256208688527387
9.256208688527387
9.256208688527387
9.256208688527387
9.256208688527387
9.256208688527387
9.256208688527387
9.256208688527387
9.256208688527387
9.256208688527387
9.256208688527387
9.256208688527387
9.256208688527387
9.256208688527387
9.256208688527387
9.256208688527387
9.256208688527387
9.256208688527387
9.256208688527387
9.256208688527387
9.256208688527387
9.256208688527387
9.256208688527387
9.256208688527387
9.256208688527387
9.256208688527387
9.256208688527387
9.256208688527387
9.256208688527387
9.256208688527387
9.256208688527387
9.256208688527387
9.256208688527387
9.256208688527387
9.256208688527387
9.256208688527387
9.256208688527387
9.256208688527387
9.256208688527387
9.256208688527387
9.256208688527387
9.256208688527387
9.256208688527387
9.256208688527387
9.256208688527387
9.256208688527387
9.256208688527387
9.256208688527387
9.256208688527387
9.256208688527387
9.256208688527387
9.256208688527387
9.256208688527387
9.256208688527387
9.256208688527387
9.256208688527387
9.256208688527387
9.256208688527387
9.256208688527387
9.256208688527387
9.256208688527387
9.256208688527387
9.256208688527387
9.256208688527387
9.256208688527387
8.671246187806231
8.671246187806231
8.671246187806231
8.671246187806231
8.671246187806231
8.671246187806231
8.671246187806231
8.671246187806231
8.671246187806231
8.671246187806231
8.671246187806231
8.671246187806231
8.671246187806231
8.671246187806231
8.671246187806231
8.671246187806231
8.671246187806231
8.671246187806231
8.671246187806231
8.671246187806231
8.671246187806231
8.671246187806231
8.671246187806231
8.671246187806231
8.671246187806231
8.671246187806231
8.671246187806231
8.671246187806231
8.671246187806231
8.671246187806231
8.671246187806231
8.671246187806231
8.671246187806231
8.256208688527387
8.256208688527387
8.256208688527387
8.256208688527387
8.256208688527387
8.256208688527387
8.256208688527387
8.256208688527387
8.256208688527387
8.256208688527387
8.256208688527387
8.256208688527387
8.256208688527387
8.256208688527387
8.256208688527387
8.256208688527387
7.9342805936400245
7.9342805936400245
7.9342805936400245
7.9342805936400245
7.9342805936400245
7.9342805936400245
7.67124618780623
7.67124618780623
7.67124618780623
7.67124618780623
7.67124618780623
7.67124618780623
7.67124618780623
7.67124618780623
7.4488537664697825
7.4488537664697825
7.4488537664697825
7.4488537664697825
7.256208688527387
7.256208688527387
7.256208688527387
7.086283687085074
7.086283687085074
6.9342805936400245
6.9342805936400245
6.9342805936400245
6.796777069890089
6.796777069890089
6.796777069890089
6.67124618780623
6.67124618780623
6.4488537664697825
6.349318092918868
6.349318092918868
6.256208688527387
6.256208688527387
6.168745847277047
6.168745847277047
5.863891265748626
5.5557689703862945
5.398227693399814
5.349318092918868
5.12692567158242
4.423318674362645
8.60733031374961
8.60733031374961
8.60733031374961
8.60733031374961
8.60733031374961
8.60733031374961
8.60733031374961
8.60733031374961
8.60733031374961
8.60733031374961
8.60733031374961
8.60733031374961
8.60733031374961
8.60733031374961
8.60733031374961
8.60733031374961
8.60733031374961
8.60733031374961
8.60733031374961
8.60733031374961
8.60733031374961
8.60733031374961
8.60733031374961
8.60733031374961
8.60733031374961
8.60733031374961
8.60733031374961
8.60733031374961
8.60733031374961
8.60733031374961
8.60733031374961
8.60733031374961
8.60733031374961
8.60733031374961
8.60733031374961
8.60733031374961
8.60733031374961
8.60733031374961
8.60733031374961
8.60733031374961
8.60733031374961
8.60733031374961
8.60733031374961
8.60733031374961
8.60733031374961
8.60733031374961
8.60733031374961
8.60733031374961
8.60733031374961
8.60733031374961
8.60733031374961
8.60733031374961
8.60733031374961
8.60733031374961
8.60733031374961
8.60733031374961
8.60733031374961
8.60733031374961
8.60733031374961
8.60733031374961
8.60733031374961
8.60733031374961
8.60733031374961
8.60733031374961
8.60733031374961
8.60733031374961
8.60733031374961
8.60733031374961
8.60733031374961
8.60733031374961
8.60733031374961
8.60733031374961
8.60733031374961
8.60733031374961
8.60733031374961
8.60733031374961
8.60733031374961
8.60733031374961
8.60733031374961
8.60733031374961
8.60733031374961
8.60733031374961
8.60733031374961
8.60733031374961
8.60733031374961
8.60733031374961
8.60733031374961
8.60733031374961
8.60733031374961
8.60733031374961
8.60733031374961
8.60733031374961
8.60733031374961
8.60733031374961
8.60733031374961
8.60733031374961
7.60733031374961
7.60733031374961
7.60733031374961
7.60733031374961
7.60733031374961
7.60733031374961
7.60733031374961
7.60733031374961
7.60733031374961
7.60733031374961
7.60733031374961
7.60733031374961
7.60733031374961
7.60733031374961
7.60733031374961
7.60733031374961
7.60733031374961
7.60733031374961
7.60733031374961
7.60733031374961
7.60733031374961
7.60733031374961
7.60733031374961
7.60733031374961
7.60733031374961
7.60733031374961
7.60733031374961
7.60733031374961
7.60733031374961
7.60733031374961
7.60733031374961
7.60733031374961
7.60733031374961
7.022367813028454
7.022367813028454
7.022367813028454
7.022367813028454
7.022367813028454
7.022367813028454
7.022367813028454
7.022367813028454
6.60733031374961
6.60733031374961
6.60733031374961
6.60733031374961
6.60733031374961
6.60733031374961
6.285402218862249
6.285402218862249
6.285402218862249
6.285402218862249
6.022367813028454
6.022367813028454
6.022367813028454
6.022367813028454
6.022367813028454
5.799975391692007
5.799975391692007
5.437405312307298
5.437405312307298
5.437405312307298
5.437405312307298
5.437405312307298
5.285402218862249
5.022367813028454
4.906890595608519
4.906890595608519
4.083768357692597
7.679480099505446
7.679480099505446
7.679480099505446
7.679480099505446
7.679480099505446
7.679480099505446
7.679480099505446
7.679480099505446
7.679480099505446
7.679480099505446
7.679480099505446
7.679480099505446
7.679480099505446
7.679480099505446
7.679480099505446
7.679480099505446
7.679480099505446
7.679480099505446
7.679480099505446
7.679480099505446
7.679480099505446
7.679480099505446
7.679480099505446
7.679480099505446
7.679480099505446
7.679480099505446
7.679480099505446
7.679480099505446
7.679480099505446
7.679480099505446
7.679480099505446
7.679480099505446
7.679480099505446
7.679480099505446
7.679480099505446
7.679480099505446
7.679480099505446
7.679480099505446
7.679480099505446
7.679480099505446
7.679480099505446
7.679480099505446
7.679480099505446
7.679480099505446
7.679480099505446
7.679480099505446
7.679480099505446
7.679480099505446
7.679480099505446
7.679480099505446
7.679480099505446
7.679480099505446
7.679480099505446
6.679480099505446
6.679480099505446
6.679480099505446
6.679480099505446
6.679480099505446
6.679480099505446
6.679480099505446
6.679480099505446
6.679480099505446
6.679480099505446
6.679480099505446
6.679480099505446
6.679480099505446
6.0945175987842894
6.0945175987842894
6.0945175987842894
6.0945175987842894
6.0945175987842894
6.0945175987842894
6.0945175987842894
6.0945175987842894
5.679480099505446
5.679480099505446
5.357552004618084
5.357552004618084
5.0945175987842894
5.0945175987842894
5.0945175987842894
5.0945175987842894
4.872125177447842
4.357552004618084
4.357552004618084
4.357552004618084
4.220048480868149
4.0945175987842894
7.7481928495894605
7.7481928495894605
7.7481928495894605
7.7481928495894605
7.7481928495894605
7.7481928495894605
7.7481928495894605
7.7481928495894605
7.7481928495894605
7.7481928495894605
7.7481928495894605
7.7481928495894605
7.7481928495894605
7.7481928495894605
7.7481928495894605
7.7481928495894605
7.7481928495894605
7.7481928495894605
7.7481928495894605
7.7481928495894605
7.7481928495894605
7.7481928495894605
7.7481928495894605
7.7481928495894605
7.7481928495894605
7.7481928495894605
7.7481928495894605
7.7481928495894605
7.7481928495894605
7.7481928495894605
7.7481928495894605
7.7481928495894605
7.7481928495894605
7.7481928495894605
7.7481928495894605
7.7481928495894605
7.7481928495894605
7.7481928495894605
7.7481928495894605
7.7481928495894605
7.7481928495894605
7.7481928495894605
7.7481928495894605
7.7481928495894605
7.7481928495894605
7.7481928495894605
7.7481928495894605
7.7481928495894605
7.7481928495894605
7.7481928495894605
7.7481928495894605
7.7481928495894605
7.7481928495894605
7.7481928495894605
7.7481928495894605
7.7481928495894605
7.7481928495894605
7.7481928495894605
7.7481928495894605
7.7481928495894605
7.7481928495894605
7.7481928495894605
7.7481928495894605
7.7481928495894605
7.7481928495894605
7.7481928495894605
7.7481928495894605
7.7481928495894605
7.7481928495894605
7.7481928495894605
7.7481928495894605
7.7481928495894605
7.7481928495894605
7.7481928495894605
7.7481928495894605
7.7481928495894605
7.7481928495894605
7.7481928495894605
7.7481928495894605
7.7481928495894605
7.7481928495894605
7.7481928495894605
7.7481928495894605
7.7481928495894605
7.7481928495894605
7.7481928495894605
7.7481928495894605
7.7481928495894605
7.7481928495894605
7.7481928495894605
7.7481928495894605
7.7481928495894605
7.7481928495894605
6.7481928495894605
6.7481928495894605
6.7481928495894605
6.7481928495894605
6.7481928495894605
6.7481928495894605
6.7481928495894605
6.7481928495894605
6.7481928495894605
6.7481928495894605
6.7481928495894605
6.7481928495894605
6.7481928495894605
6.7481928495894605
6.7481928495894605
6.7481928495894605
6.7481928495894605
6.7481928495894605
6.7481928495894605
6.7481928495894605
6.7481928495894605
6.7481928495894605
6.7481928495894605
6.7481928495894605
6.7481928495894605
6.7481928495894605
6.7481928495894605
6.7481928495894605
6.7481928495894605
6.7481928495894605
6.1632303488683045
6.1632303488683045
6.1632303488683045
6.1632303488683045
5.7481928495894605
5.7481928495894605
5.7481928495894605
5.7481928495894605
5.7481928495894605
5.426264754702098
5.426264754702098
5.1632303488683045
4.940837927531856
4.940837927531856
7.672425341971495
7.672425341971495
7.672425341971495
7.672425341971495
7.672425341971495
7.672425341971495
7.672425341971495
7.672425341971495
7.672425341971495
7.672425341971495
7.672425341971495
7.672425341971495
7.672425341971495
7.672425341971495
7.672425341971495
7.672425341971495
7.672425341971495
7.672425341971495
7.672425341971495
7.672425341971495
7.672425341971495
7.672425341971495
7.672425341971495
7.672425341971495
7.672425341971495
7.672425341971495
7.672425341971495
7.672425341971495
7.672425341971495
7.672425341971495
7.672425341971495
7.672425341971495
7.672425341971495
7.672425341971495
7.672425341971495
7.672425341971495
7.672425341971495
7.672425341971495
7.672425341971495
7.672425341971495
7.672425341971495
7.672425341971495
7.672425341971495
7.672425341971495
7.672425341971495
7.672425341971495
7.672425341971495
7.672425341971495
7.672425341971495
7.672425341971495
7.672425341971495
7.672425341971495
7.672425341971495
7.672425341971495
7.672425341971495
7.672425341971495
7.672425341971495
7.672425341971495
7.672425341971495
7.672425341971495
7.672425341971495
7.672425341971495
7.672425341971495
7.672425341971495
7.672425341971495
7.672425341971495
7.672425341971495
7.672425341971495
7.672425341971495
7.672425341971495
7.672425341971495
7.672425341971495
7.672425341971495
7.672425341971495
7.672425341971495
7.672425341971495
7.672425341971495
7.672425341971495
7.672425341971495
7.672425341971495
7.672425341971495
7.672425341971495
6.672425341971495
6.672425341971495
6.672425341971495
6.672425341971495
6.672425341971495
6.672425341971495
6.672425341971495
6.672425341971495
6.672425341971495
6.672425341971495
6.672425341971495
6.672425341971495
6.672425341971495
6.672425341971495
6.672425341971495
6.672425341971495
6.672425341971495
6.672425341971495
6.672425341971495
6.087462841250339
6.087462841250339
6.087462841250339
6.087462841250339
6.087462841250339
6.087462841250339
6.087462841250339
5.672425341971495
5.672425341971495
5.672425341971495
5.350497247084133
5.350497247084133
5.087462841250339
5.087462841250339
5.087462841250339
4.212993723334198
4.087462841250339
7.169925001442312
7.169925001442312
7.169925001442312
7.169925001442312
7.169925001442312
7.169925001442312
7.169925001442312
7.169925001442312
7.169925001442312
7.169925001442312
7.169925001442312
7.169925001442312
7.169925001442312
7.169925001442312
7.169925001442312
7.169925001442312
7.169925001442312
7.169925001442312
7.169925001442312
7.169925001442312
7.169925001442312
7.169925001442312
7.169925001442312
7.169925001442312
7.169925001442312
7.169925001442312
7.169925001442312
7.169925001442312
7.169925001442312
7.169925001442312
7.169925001442312
7.169925001442312
7.169925001442312
7.169925001442312
7.169925001442312
7.169925001442312
7.169925001442312
7.169925001442312
7.169925001442312
7.169925001442312
7.169925001442312
7.169925001442312
7.169925001442312
7.169925001442312
7.169925001442312
7.169925001442312
7.169925001442312
7.169925001442312
7.169925001442312
7.169925001442312
7.169925001442312
7.169925001442312
7.169925001442312
7.169925001442312
7.169925001442312
7.169925001442312
7.169925001442312
7.169925001442312
7.169925001442312
7.169925001442312
7.169925001442312
7.169925001442312
7.169925001442312
7.169925001442312
7.169925001442312
7.169925001442312
7.169925001442312
7.169925001442312
7.169925001442312
7.169925001442312
7.169925001442312
7.169925001442312
7.169925001442312
6.169925001442312
6.169925001442312
6.169925001442312
6.169925001442312
6.169925001442312
6.169925001442312
6.169925001442312
6.169925001442312
6.169925001442312
6.169925001442312
5.584962500721156
5.584962500721156
5.584962500721156
5.584962500721156
5.584962500721156
5.584962500721156
5.169925001442312
5.169925001442312
5.169925001442312
4.584962500721156
4.362570079384708
4.169925001442312
7.417852514885898
7.417852514885898
7.417852514885898
7.417852514885898
7.417852514885898
7.417852514885898
7.417852514885898
7.417852514885898
7.417852514885898
7.417852514885898
7.417852514885898
7.417852514885898
7.417852514885898
7.417852514885898
7.417852514885898
7.417852514885898
7.417852514885898
7.417852514885898
7.417852514885898
7.417852514885898
7.417852514885898
7.417852514885898
7.417852514885898
7.417852514885898
7.417852514885898
7.417852514885898
7.417852514885898
7.417852514885898
7.417852514885898
7.417852514885898
7.417852514885898
7.417852514885898
7.417852514885898
7.417852514885898
7.417852514885898
7.417852514885898
7.417852514885898
7.417852514885898
7.417852514885898
7.417852514885898
7.417852514885898
7.417852514885898
7.417852514885898
7.417852514885898
7.417852514885898
7.417852514885898
7.417852514885898
7.417852514885898
7.417852514885898
7.417852514885898
7.417852514885898
7.417852514885898
7.417852514885898
7.417852514885898
7.417852514885898
7.417852514885898
7.417852514885898
7.417852514885898
7.417852514885898
7.417852514885898
7.417852514885898
7.417852514885898
7.417852514885898
7.417852514885898
7.417852514885898
7.417852514885898
7.417852514885898
7.417852514885898
7.417852514885898
7.417852514885898
7.417852514885898
7.417852514885898
7.417852514885898
7.417852514885898
7.417852514885898
7.417852514885898
7.417852514885898
7.417852514885898
7.417852514885898
6.417852514885898
6.417852514885898
6.417852514885898
6.417852514885898
6.417852514885898
6.417852514885898
6.417852514885898
6.417852514885898
6.417852514885898
6.417852514885898
6.417852514885898
6.417852514885898
6.417852514885898
6.417852514885898
6.417852514885898
6.417852514885898
6.417852514885898
6.417852514885898
6.417852514885898
5.832890014164741
5.832890014164741
5.832890014164741
5.832890014164741
5.832890014164741
5.832890014164741
5.417852514885898
5.417852514885898
5.095924419998536
5.095924419998536
4.417852514885898
4.095924419998536
7.6293566200796095
7.6293566200796095
7.6293566200796095
7.6293566200796095
7.6293566200796095
7.6293566200796095
7.6293566200796095
7.6293566200796095
7.6293566200796095
7.6293566200796095
7.6293566200796095
7.6293566200796095
7.6293566200796095
7.6293566200796095
7.6293566200796095
7.6293566200796095
7.6293566200796095
7.6293566200796095
7.6293566200796095
7.6293566200796095
7.6293566200796095
7.6293566200796095
7.6293566200796095
7.6293566200796095
7.6293566200796095
7.6293566200796095
7.6293566200796095
7.6293566200796095
7.6293566200796095
7.6293566200796095
7.6293566200796095
7.6293566200796095
7.6293566200796095
7.6293566200796095
7.6293566200796095
7.6293566200796095
7.6293566200796095
7.6293566200796095
7.6293566200796095
7.6293566200796095
7.6293566200796095
7.6293566200796095
7.6293566200796095
7.6293566200796095
7.6293566200796095
7.6293566200796095
7.6293566200796095
7.6293566200796095
7.6293566200796095
7.6293566200796095
7.6293566200796095
7.6293566200796095
7.6293566200796095
7.6293566200796095
7.6293566200796095
7.6293566200796095
7.6293566200796095
7.6293566200796095
7.6293566200796095
7.6293566200796095
7.6293566200796095
7.6293566200796095
7.6293566200796095
7.6293566200796095
7.6293566200796095
7.6293566200796095
7.6293566200796095
7.6293566200796095
7.6293566200796095
7.6293566200796095
7.6293566200796095
7.6293566200796095
7.6293566200796095
7.6293566200796095
7.6293566200796095
7.6293566200796095
6.6293566200796095
6.6293566200796095
6.6293566200796095
6.6293566200796095
6.6293566200796095
6.6293566200796095
6.6293566200796095
6.6293566200796095
6.6293566200796095
6.6293566200796095
6.6293566200796095
6.6293566200796095
6.6293566200796095
6.6293566200796095
6.6293566200796095
6.6293566200796095
6.6293566200796095
6.6293566200796095
6.6293566200796095
6.044394119358453
6.044394119358453
6.044394119358453
6.044394119358453
5.6293566200796095
5.6293566200796095
5.307428525192248
5.307428525192248
5.307428525192248
5.307428525192248
5.044394119358453
5.044394119358453
4.822001698022006
4.822001698022006
4.459431618637297
4.459431618637297
8.430452551665532
8.430452551665532
8.430452551665532
8.430452551665532
8.430452551665532
8.430452551665532
8.430452551665532
8.430452551665532
8.430452551665532
8.430452551665532
8.430452551665532
8.430452551665532
8.430452551665532
8.430452551665532
8.430452551665532
8.430452551665532
8.430452551665532
8.430452551665532
8.430452551665532
8.430452551665532
8.430452551665532
8.430452551665532
8.430452551665532
8.430452551665532
8.430452551665532
8.430452551665532
8.430452551665532
8.430452551665532
8.430452551665532
8.430452551665532
8.430452551665532
8.430452551665532
8.430452551665532
8.430452551665532
8.430452551665532
8.430452551665532
8.430452551665532
8.430452551665532
8.430452551665532
8.430452551665532
8.430452551665532
8.430452551665532
8.430452551665532
8.430452551665532
8.430452551665532
8.430452551665532
8.430452551665532
8.430452551665532
8.430452551665532
8.430452551665532
8.430452551665532
8.430452551665532
8.430452551665532
7.430452551665532
7.430452551665532
7.430452551665532
7.430452551665532
7.430452551665532
7.430452551665532
7.430452551665532
7.430452551665532
7.430452551665532
7.430452551665532
7.430452551665532
7.430452551665532
7.430452551665532
7.430452551665532
7.430452551665532
7.430452551665532
7.430452551665532
7.430452551665532
7.430452551665532
7.430452551665532
7.430452551665532
7.430452551665532
7.430452551665532
7.430452551665532
7.430452551665532
7.430452551665532
7.430452551665532
7.430452551665532
6.845490050944376
6.845490050944376
6.845490050944376
6.845490050944376
6.845490050944376
6.845490050944376
6.845490050944376
6.845490050944376
6.845490050944376
6.845490050944376
6.845490050944376
6.845490050944376
6.845490050944376
6.845490050944376
6.845490050944376
6.845490050944376
6.845490050944376
6.845490050944376
6.845490050944376
6.845490050944376
6.845490050944376
6.845490050944376
6.845490050944376
6.845490050944376
6.845490050944376
6.845490050944376
6.845490050944376
6.845490050944376
6.845490050944376
6.845490050944376
6.845490050944376
6.845490050944376
6.845490050944376
6.430452551665532
6.430452551665532
6.430452551665532
6.430452551665532
6.430452551665532
6.430452551665532
6.430452551665532
6.430452551665532
6.108524456778169
6.108524456778169
6.108524456778169
6.108524456778169
5.845490050944376
5.845490050944376
5.845490050944376
5.623097629607927
5.623097629607927
5.623097629607927
5.430452551665532
5.260527550223219
5.108524456778169
4.182525038221946
7.475733430966398
7.475733430966398
7.475733430966398
7.475733430966398
7.475733430966398
7.475733430966398
7.475733430966398
7.475733430966398
7.475733430966398
7.475733430966398
7.475733430966398
7.475733430966398
7.475733430966398
7.475733430966398
7.475733430966398
7.475733430966398
7.475733430966398
7.475733430966398
7.475733430966398
7.475733430966398
7.475733430966398
7.475733430966398
7.475733430966398
7.475733430966398
7.475733430966398
7.475733430966398
7.475733430966398
7.475733430966398
7.475733430966398
7.475733430966398
7.475733430966398
7.475733430966398
7.475733430966398
7.475733430966398
7.475733430966398
7.475733430966398
7.475733430966398
7.475733430966398
7.475733430966398
7.475733430966398
6.475733430966398
6.475733430966398
6.475733430966398
6.475733430966398
6.475733430966398
6.475733430966398
6.475733430966398
6.475733430966398
6.475733430966398
6.475733430966398
6.475733430966398
6.475733430966398
6.475733430966398
6.475733430966398
6.475733430966398
6.475733430966398
6.475733430966398
6.475733430966398
6.475733430966398
6.475733430966398
6.475733430966398
6.475733430966398
6.475733430966398
6.475733430966398
6.475733430966398
5.890770930245242
5.890770930245242
5.890770930245242
5.890770930245242
5.890770930245242
5.890770930245242
5.890770930245242
5.890770930245242
5.475733430966398
5.475733430966398
5.475733430966398
5.475733430966398
5.475733430966398
5.475733430966398
5.475733430966398
5.475733430966398
4.890770930245242
4.890770930245242
4.890770930245242
4.668378508908794
4.668378508908794
7.459431618637297
7.459431618637297
7.459431618637297
7.459431618637297
7.459431618637297
7.459431618637297
7.459431618637297
7.459431618637297
7.459431618637297
7.459431618637297
7.459431618637297
7.459431618637297
7.459431618637297
7.459431618637297
7.459431618637297
7.459431618637297
7.459431618637297
7.459431618637297
7.459431618637297
7.459431618637297
7.459431618637297
7.459431618637297
7.459431618637297
7.459431618637297
7.459431618637297
7.459431618637297
7.459431618637297
7.459431618637297
7.459431618637297
7.459431618637297
7.459431618637297
7.459431618637297
7.459431618637297
7.459431618637297
6.459431618637297
6.459431618637297
6.459431618637297
6.459431618637297
6.459431618637297
6.459431618637297
6.459431618637297
6.459431618637297
6.459431618637297
6.459431618637297
6.459431618637297
6.459431618637297
6.459431618637297
6.459431618637297
6.459431618637297
6.459431618637297
5.874469117916141
5.874469117916141
5.874469117916141
5.874469117916141
5.459431618637297
5.459431618637297
5.459431618637297
5.459431618637297
5.459431618637297
5.459431618637297
5.459431618637297
5.459431618637297
5.459431618637297
5.459431618637297
5.459431618637297
5.459431618637297
5.459431618637297
5.459431618637297
5.137503523749935
5.137503523749935
5.137503523749935
4.874469117916141
4.874469117916141
4.652076696579693
4.459431618637297