5.807354922057604
5.807354922057604
5.807354922057604
5.807354922057604
5.807354922057604
5.807354922057604
5.807354922057604
5.807354922057604
5.807354922057604
5.807354922057604
5.807354922057604
5.807354922057604
5.807354922057604
5.807354922057604
5.807354922057604
5.807354922057604
5.807354922057604
5.807354922057604
5.807354922057604
5.807354922057604
5.807354922057604
5.807354922057604
5.807354922057604
5.807354922057604
5.807354922057604
4.807354922057604
4.807354922057604
4.807354922057604
4.807354922057604
4.807354922057604
4.807354922057604
4.807354922057604
4.807354922057604
4.807354922057604
4.807354922057604
4.807354922057604
4.807354922057604
4.222392421336448
3.807354922057604
5.614709844115208
5.614709844115208
5.614709844115208
5.614709844115208
5.614709844115208
5.614709844115208
5.614709844115208
5.614709844115208
5.614709844115208
5.614709844115208
5.614709844115208
5.614709844115208
5.614709844115208
5.614709844115208
5.614709844115208
5.614709844115208
5.614709844115208
5.614709844115208
5.614709844115208
5.614709844115208
5.614709844115208
5.614709844115208
5.614709844115208
5.614709844115208
5.614709844115208
4.614709844115208
4.614709844115208
4.614709844115208
4.614709844115208
4.614709844115208
4.614709844115208
4.614709844115208
4.029747343394052
4.029747343394052
3.6147098441152083
7.800899899920305
7.800899899920305
7.800899899920305
6.800899899920305
6.800899899920305
6.800899899920305
6.800899899920305
6.800899899920305
6.800899899920305
6.800899899920305
6.800899899920305
6.800899899920305
6.800899899920305
6.800899899920305
6.800899899920305
6.800899899920305
6.800899899920305
6.800899899920305
6.800899899920305
6.800899899920305
6.800899899920305
6.800899899920305
6.800899899920305
6.800899899920305
6.800899899920305
6.800899899920305
6.800899899920305
6.800899899920305
6.800899899920305
6.800899899920305
6.800899899920305
6.800899899920305
6.800899899920305
6.800899899920305
6.800899899920305
6.215937399199149
5.800899899920305
5.800899899920305
5.800899899920305
5.215937399199149
5.215937399199149
5.215937399199149
5.215937399199149
5.215937399199149
5.215937399199149
5.215937399199149
5.215937399199149
5.215937399199149
5.215937399199149
4.993544977862701
4.478971805032942
4.215937399199149
4.215937399199149
4.100460181779212
4.100460181779212
3.9935449778627006
6.066089190457772
6.066089190457772
6.066089190457772
6.066089190457772
6.066089190457772
6.066089190457772
6.066089190457772
6.066089190457772
6.066089190457772
6.066089190457772
6.066089190457772
6.066089190457772
6.066089190457772
6.066089190457772
6.066089190457772
6.066089190457772
6.066089190457772
6.066089190457772
6.066089190457772
6.066089190457772
6.066089190457772
6.066089190457772
6.066089190457772
6.066089190457772
6.066089190457772
6.066089190457772
6.066089190457772
6.066089190457772
6.066089190457772
6.066089190457772
6.066089190457772
6.066089190457772
6.066089190457772
6.066089190457772
6.066089190457772
6.066089190457772
6.066089190457772
6.066089190457772
5.066089190457772
5.066089190457772
5.066089190457772
5.066089190457772
5.066089190457772
5.066089190457772
5.066089190457772
5.066089190457772
4.481126689736616
4.481126689736616
4.481126689736616
4.066089190457772
7.366322214245816
7.366322214245816
7.366322214245816
7.366322214245816
7.366322214245816
7.366322214245816
7.366322214245816
7.366322214245816
7.366322214245816
7.366322214245816
7.366322214245816
7.366322214245816
7.366322214245816
7.366322214245816
7.366322214245816
7.366322214245816
7.366322214245816
7.366322214245816
7.366322214245816
7.366322214245816
7.366322214245816
7.366322214245816
7.366322214245816
7.366322214245816
7.366322214245816
7.366322214245816
7.366322214245816
7.366322214245816
7.366322214245816
7.366322214245816
7.366322214245816
7.366322214245816
7.366322214245816
7.366322214245816
7.366322214245816
7.366322214245816
7.366322214245816
7.366322214245816
7.366322214245816
7.366322214245816
7.366322214245816
7.366322214245816
7.366322214245816
7.366322214245816
7.366322214245816
7.366322214245816
7.366322214245816
7.366322214245816
7.366322214245816
7.366322214245816
7.366322214245816
7.366322214245816
7.366322214245816
7.366322214245816
7.366322214245816
7.366322214245816
7.366322214245816
7.366322214245816
7.366322214245816
7.366322214245816
7.366322214245816
7.366322214245816
7.366322214245816
7.366322214245816
7.366322214245816
7.366322214245816
7.366322214245816
7.366322214245816
6.366322214245816
6.366322214245816
6.366322214245816
6.366322214245816
6.366322214245816
6.366322214245816
6.366322214245816
6.366322214245816
6.366322214245816
6.366322214245816
6.366322214245816
6.366322214245816
5.78135971352466
5.78135971352466
5.78135971352466
5.366322214245816
5.366322214245816
5.366322214245816
5.366322214245816
5.366322214245816
5.366322214245816
5.366322214245816
5.366322214245816
5.366322214245816
5.044394119358453
5.044394119358453
4.196397212803504
4.196397212803504
6.870364719583405
6.870364719583405
6.870364719583405
6.870364719583405
6.870364719583405
6.870364719583405
6.870364719583405
6.870364719583405
6.870364719583405
6.870364719583405
6.870364719583405
6.870364719583405
6.870364719583405
6.870364719583405
6.870364719583405
6.870364719583405
6.870364719583405
6.870364719583405
6.870364719583405
6.870364719583405
6.870364719583405
6.870364719583405
6.870364719583405
6.870364719583405
6.870364719583405
6.870364719583405
6.870364719583405
6.870364719583405
6.870364719583405
6.870364719583405
6.870364719583405
6.870364719583405
6.870364719583405
6.870364719583405
6.870364719583405
6.870364719583405
6.870364719583405
6.870364719583405
6.870364719583405
6.870364719583405
5.870364719583405
5.870364719583405
5.870364719583405
5.870364719583405
5.870364719583405
5.870364719583405
5.870364719583405
5.870364719583405
5.870364719583405
5.870364719583405
5.870364719583405
5.870364719583405
5.870364719583405
5.870364719583405
5.870364719583405
5.870364719583405
5.870364719583405
5.870364719583405
5.870364719583405
5.870364719583405
5.870364719583405
5.870364719583405
5.870364719583405
5.870364719583405
5.285402218862249
5.285402218862249
5.285402218862249
5.285402218862249
4.870364719583405
4.285402218862249
4.0630097975258
6.169925001442312
6.169925001442312
6.169925001442312
6.169925001442312
6.169925001442312
6.169925001442312
6.169925001442312
6.169925001442312
6.169925001442312
6.169925001442312
6.169925001442312
6.169925001442312
6.169925001442312
6.169925001442312
6.169925001442312
6.169925001442312
6.169925001442312
6.169925001442312
6.169925001442312
6.169925001442312
6.169925001442312
6.169925001442312
6.169925001442312
6.169925001442312
6.169925001442312
6.169925001442312
6.169925001442312
6.169925001442312
6.169925001442312
5.169925001442312
5.169925001442312
5.169925001442312
5.169925001442312
5.169925001442312
5.169925001442312
5.169925001442312
5.169925001442312
5.169925001442312
5.169925001442312
5.169925001442312
4.584962500721156
4.584962500721156
4.584962500721156
4.169925001442312
4.169925001442312
4.169925001442312
8.005624549193879
8.005624549193879
8.005624549193879
8.005624549193879
8.005624549193879
8.005624549193879
8.005624549193879
8.005624549193879
8.005624549193879
8.005624549193879
8.005624549193879
8.005624549193879
8.005624549193879
8.005624549193879
8.005624549193879
8.005624549193879
8.005624549193879
8.005624549193879
8.005624549193879
8.005624549193879
8.005624549193879
8.005624549193879
8.005624549193879
8.005624549193879
8.005624549193879
8.005624549193879
7.005624549193878
7.005624549193878
7.005624549193878
7.005624549193878
7.005624549193878
7.005624549193878
7.005624549193878
7.005624549193878
7.005624549193878
7.005624549193878
7.005624549193878
7.005624549193878
7.005624549193878
7.005624549193878
7.005624549193878
7.005624549193878
7.005624549193878
7.005624549193878
7.005624549193878
7.005624549193878
7.005624549193878
7.005624549193878
7.005624549193878
6.420662048472722
6.420662048472722
6.420662048472722
6.005624549193878
6.005624549193878
6.005624549193878
6.005624549193878
6.005624549193878
6.005624549193878
6.005624549193878
5.683696454306515
5.683696454306515
5.683696454306515
5.683696454306515
5.683696454306515
5.683696454306515
5.683696454306515
5.683696454306515
5.683696454306515
5.683696454306515
5.683696454306515
5.683696454306515
5.683696454306515
5.683696454306515
5.683696454306515
5.420662048472722
5.198269627136274
5.005624549193878
5.005624549193878
5.005624549193878
5.005624549193878
4.683696454306515
3.835699547751566
6.977279923499917
6.977279923499917
6.977279923499917
6.977279923499917
6.977279923499917
6.977279923499917
6.977279923499917
6.977279923499917
6.977279923499917
6.977279923499917
6.977279923499917
6.977279923499917
6.977279923499917
6.977279923499917
6.977279923499917
6.977279923499917
6.977279923499917
6.977279923499917
6.977279923499917
6.977279923499917
6.977279923499917
6.977279923499917
6.977279923499917
6.977279923499917
6.977279923499917
6.977279923499917
6.977279923499917
6.977279923499917
6.977279923499917
6.977279923499917
6.977279923499917
6.977279923499917
6.977279923499917
6.977279923499917
6.977279923499917
6.977279923499917
6.977279923499917
6.977279923499917
6.977279923499917
6.977279923499917
6.977279923499917
6.977279923499917
6.977279923499917
6.977279923499917
6.977279923499917
5.977279923499917
5.977279923499917
5.977279923499917
5.977279923499917
5.977279923499917
5.977279923499917
5.977279923499917
5.977279923499917
5.977279923499917
5.977279923499917
5.977279923499917
5.977279923499917
5.977279923499917
5.977279923499917
5.977279923499917
5.977279923499917
5.977279923499917
5.977279923499917
5.977279923499917
5.977279923499917
5.392317422778761
4.977279923499917
4.977279923499917
4.655351828612554
4.392317422778761
4.169925001442312
3.3923174227787602
7.60733031374961
7.60733031374961
7.60733031374961
7.60733031374961
7.60733031374961
7.60733031374961
7.60733031374961
7.60733031374961
7.60733031374961
7.60733031374961
7.60733031374961
7.60733031374961
7.60733031374961
7.60733031374961
7.60733031374961
7.60733031374961
7.60733031374961
7.60733031374961
7.60733031374961
7.60733031374961
7.60733031374961
7.60733031374961
7.60733031374961
7.60733031374961
7.60733031374961
7.60733031374961
7.60733031374961
7.60733031374961
7.60733031374961
7.60733031374961
7.60733031374961
7.60733031374961
7.60733031374961
7.60733031374961
7.60733031374961
7.60733031374961
7.60733031374961
7.60733031374961
7.60733031374961
7.60733031374961
7.60733031374961
7.60733031374961
7.60733031374961
7.60733031374961
7.60733031374961
7.60733031374961
7.60733031374961
7.60733031374961
7.60733031374961
7.60733031374961
7.60733031374961
7.60733031374961
7.60733031374961
7.60733031374961
7.60733031374961
6.60733031374961
6.60733031374961
6.60733031374961
6.60733031374961
6.60733031374961
6.60733031374961
6.60733031374961
6.60733031374961
6.60733031374961
6.60733031374961
6.60733031374961
6.60733031374961
6.60733031374961
6.60733031374961
6.60733031374961
6.60733031374961
6.60733031374961
6.60733031374961
6.60733031374961
6.60733031374961
6.60733031374961
6.60733031374961
6.60733031374961
6.60733031374961
6.60733031374961
6.60733031374961
6.60733031374961
6.60733031374961
6.60733031374961
6.022367813028454
6.022367813028454
6.022367813028454
6.022367813028454
5.60733031374961
5.60733031374961
5.60733031374961
5.60733031374961
5.285402218862249
5.285402218862249
5.022367813028454
5.022367813028454
4.437405312307298
4.285402218862249
3.9068905956085187
6.894817763307944
6.894817763307944
6.894817763307944
6.894817763307944
6.894817763307944
6.894817763307944
6.894817763307944
6.894817763307944
6.894817763307944
6.894817763307944
6.894817763307944
6.894817763307944
6.894817763307944
6.894817763307944
6.894817763307944
6.894817763307944
6.894817763307944
6.894817763307944
6.894817763307944
6.894817763307944
6.894817763307944
6.894817763307944
6.894817763307944
6.894817763307944
6.894817763307944
6.894817763307944
6.894817763307944
6.894817763307944
6.894817763307944
6.894817763307944
6.894817763307944
6.894817763307944
6.894817763307944
6.894817763307944
6.894817763307944
6.894817763307944
6.894817763307944
6.894817763307944
6.894817763307944
6.894817763307944
6.894817763307944
6.894817763307944
6.894817763307944
6.894817763307944
6.894817763307944
6.894817763307944
6.894817763307944
6.894817763307944
6.894817763307944
6.894817763307944
6.894817763307944
6.894817763307944
6.894817763307944
6.894817763307944
6.894817763307944
6.894817763307944
5.894817763307944
5.894817763307944
5.894817763307944
5.894817763307944
5.894817763307944
5.894817763307944
5.894817763307944
5.894817763307944
5.894817763307944
5.894817763307944
5.894817763307944
5.894817763307944
5.894817763307944
5.309855262586788
5.309855262586788
5.309855262586788
5.309855262586788
5.309855262586788
5.309855262586788
4.894817763307944
4.894817763307944
4.572889668420581
4.309855262586788
6.442943495848728
6.442943495848728
6.442943495848728
6.442943495848728
6.442943495848728
6.442943495848728
6.442943495848728
6.442943495848728
6.442943495848728
6.442943495848728
6.442943495848728
6.442943495848728
6.442943495848728
6.442943495848728
6.442943495848728
6.442943495848728
6.442943495848728
6.442943495848728
6.442943495848728
6.442943495848728
6.442943495848728
6.442943495848728
6.442943495848728
6.442943495848728
6.442943495848728
6.442943495848728
6.442943495848728
6.442943495848728
6.442943495848728
6.442943495848728
6.442943495848728
6.442943495848728
6.442943495848728
6.442943495848728
6.442943495848728
6.442943495848728
6.442943495848728
6.442943495848728
6.442943495848728
6.442943495848728
6.442943495848728
6.442943495848728
6.442943495848728
6.442943495848728
6.442943495848728
6.442943495848728
6.442943495848728
6.442943495848728
6.442943495848728
6.442943495848728
6.442943495848728
6.442943495848728
6.442943495848728
6.442943495848728
6.442943495848728
6.442943495848728
5.442943495848728
5.442943495848728
5.442943495848728
5.442943495848728
5.442943495848728
5.442943495848728
5.442943495848728
5.442943495848728
5.442943495848728
4.857980995127572
4.857980995127572
4.857980995127572
4.442943495848728
6.94251450533924
6.94251450533924
6.94251450533924
6.94251450533924
6.94251450533924
6.94251450533924
6.94251450533924
6.94251450533924
6.94251450533924
6.94251450533924
6.94251450533924
6.94251450533924
6.94251450533924
6.94251450533924
6.94251450533924
6.94251450533924
6.94251450533924
6.94251450533924
6.94251450533924
6.94251450533924
6.94251450533924
6.94251450533924
6.94251450533924
6.94251450533924
6.94251450533924
6.94251450533924
6.94251450533924
6.94251450533924
6.94251450533924
6.94251450533924
6.94251450533924
6.94251450533924
6.94251450533924
6.94251450533924
6.94251450533924
6.94251450533924
6.94251450533924
6.94251450533924
6.94251450533924
6.94251450533924
5.94251450533924
5.94251450533924
5.94251450533924
5.94251450533924
5.94251450533924
5.94251450533924
5.94251450533924
5.94251450533924
5.94251450533924
5.94251450533924
5.94251450533924
5.94251450533924
5.94251450533924
5.94251450533924
5.94251450533924
5.94251450533924
5.94251450533924
5.94251450533924
5.94251450533924
5.94251450533924
5.94251450533924
5.94251450533924
5.94251450533924
5.94251450533924
5.94251450533924
5.94251450533924
5.94251450533924
5.94251450533924
5.357552004618084
4.94251450533924
4.94251450533924
4.94251450533924
4.620586410451877
4.135159583281636
7.266786540694901
7.266786540694901
7.266786540694901
7.266786540694901
7.266786540694901
7.266786540694901
7.266786540694901
7.266786540694901
7.266786540694901
7.266786540694901
7.266786540694901
7.266786540694901
7.266786540694901
7.266786540694901
7.266786540694901
7.266786540694901
7.266786540694901
7.266786540694901
7.266786540694901
7.266786540694901
7.266786540694901
7.266786540694901
7.266786540694901
7.266786540694901
7.266786540694901
7.266786540694901
7.266786540694901
7.266786540694901
7.266786540694901
7.266786540694901
7.266786540694901
7.266786540694901
7.266786540694901
7.266786540694901
7.266786540694901
7.266786540694901
7.266786540694901
7.266786540694901
7.266786540694901
7.266786540694901
7.266786540694901
7.266786540694901
7.266786540694901
7.266786540694901
7.266786540694901
7.266786540694901
7.266786540694901
7.266786540694901
7.266786540694901
7.266786540694901
7.266786540694901
7.266786540694901
7.266786540694901
7.266786540694901
7.266786540694901
7.266786540694901
7.266786540694901
7.266786540694901
7.266786540694901
7.266786540694901
7.266786540694901
7.266786540694901
7.266786540694901
7.266786540694901
6.266786540694901
6.266786540694901
6.266786540694901
6.266786540694901
6.266786540694901
6.266786540694901
6.266786540694901
6.266786540694901
6.266786540694901
6.266786540694901
6.266786540694901
6.266786540694901
6.266786540694901
6.266786540694901
6.266786540694901
6.266786540694901
6.266786540694901
6.266786540694901
6.266786540694901
6.266786540694901
5.681824039973745
5.681824039973745
5.681824039973745
5.681824039973745
5.681824039973745
5.681824039973745
5.681824039973745
5.266786540694901
5.266786540694901
5.266786540694901
4.944858445807539
4.681824039973745
4.681824039973745
7.651051691178928
7.651051691178928
7.651051691178928
7.651051691178928
7.651051691178928
7.651051691178928
7.651051691178928
7.651051691178928
7.651051691178928
7.651051691178928
7.651051691178928
7.651051691178928
7.651051691178928
7.651051691178928
7.651051691178928
7.651051691178928
7.651051691178928
7.651051691178928
7.651051691178928
7.651051691178928
7.651051691178928
7.651051691178928
7.651051691178928
7.651051691178928
7.651051691178928
7.651051691178928
7.651051691178928
7.651051691178928
7.651051691178928
7.651051691178928
7.651051691178928
7.651051691178928
7.651051691178928
7.651051691178928
7.651051691178928
7.651051691178928
7.651051691178928
7.651051691178928
7.651051691178928
7.651051691178928
7.651051691178928
7.651051691178928
7.651051691178928
7.651051691178928
7.651051691178928
7.651051691178928
7.651051691178928
7.651051691178928
7.651051691178928
7.651051691178928
7.651051691178928
7.651051691178928
7.651051691178928
7.651051691178928
7.651051691178928
7.651051691178928
7.651051691178928
7.651051691178928
7.651051691178928
7.651051691178928
7.651051691178928
7.651051691178928
7.651051691178928
7.651051691178928
7.651051691178928
7.651051691178928
7.651051691178928
7.651051691178928
7.651051691178928
6.651051691178928
6.651051691178928
6.651051691178928
6.651051691178928
6.651051691178928
6.651051691178928
6.651051691178928
6.651051691178928
6.651051691178928
6.651051691178928
6.651051691178928
6.651051691178928
6.651051691178928
6.651051691178928
6.651051691178928
6.651051691178928
6.651051691178928
6.651051691178928
6.651051691178928
6.651051691178928
6.651051691178928
6.651051691178928
6.651051691178928
6.651051691178928
6.651051691178928
6.651051691178928
6.066089190457772
6.066089190457772
6.066089190457772
6.066089190457772
6.066089190457772
6.066089190457772
6.066089190457772
6.066089190457772
5.651051691178928
5.651051691178928
5.651051691178928
5.651051691178928
5.329123596291566
5.329123596291566
5.066089190457772
4.843696769121324
4.651051691178928
4.481126689736616
6.78135971352466
6.78135971352466
6.78135971352466
6.78135971352466
6.78135971352466
6.78135971352466
6.78135971352466
6.78135971352466
6.78135971352466
6.78135971352466
6.78135971352466
6.78135971352466
6.78135971352466
6.78135971352466
6.78135971352466
6.78135971352466
6.78135971352466
6.78135971352466
6.78135971352466
6.78135971352466
6.78135971352466
6.78135971352466
6.78135971352466
6.78135971352466
6.78135971352466
6.78135971352466
6.78135971352466
6.78135971352466
6.78135971352466
6.78135971352466
6.78135971352466
6.78135971352466
6.78135971352466
6.78135971352466
6.78135971352466
6.78135971352466
6.78135971352466
6.78135971352466
6.78135971352466
6.78135971352466
6.78135971352466
6.78135971352466
6.78135971352466
6.78135971352466
5.78135971352466
5.78135971352466
5.78135971352466
5.78135971352466
5.78135971352466
5.78135971352466
5.78135971352466
5.196397212803504
5.196397212803504
5.196397212803504
5.196397212803504
5.196397212803504
5.196397212803504
5.196397212803504
5.196397212803504
5.196397212803504
5.196397212803504
5.196397212803504
4.78135971352466
4.78135971352466
4.78135971352466
3.9740047914670553
7.038918989292302
7.038918989292302
7.038918989292302
7.038918989292302
7.038918989292302
7.038918989292302
7.038918989292302
7.038918989292302
7.038918989292302
7.038918989292302
7.038918989292302
7.038918989292302
7.038918989292302
7.038918989292302
7.038918989292302
7.038918989292302
7.038918989292302
7.038918989292302
7.038918989292302
6.038918989292302
6.038918989292302
6.038918989292302
6.038918989292302
6.038918989292302
6.038918989292302
6.038918989292302
6.038918989292302
6.038918989292302
6.038918989292302
6.038918989292302
6.038918989292302
6.038918989292302
6.038918989292302
6.038918989292302
5.71699089440494
5.71699089440494
5.71699089440494
5.71699089440494
5.71699089440494
5.71699089440494
5.71699089440494
5.71699089440494
5.71699089440494
5.71699089440494
5.453956488571146
5.453956488571146
5.231564067234698
5.231564067234698
5.231564067234698
4.86899398784999
4.86899398784999
4.71699089440494
4.579487370655005
4.231564067234698
4.231564067234698
4.132028393683783
7.149747119504682
7.149747119504682
7.149747119504682
7.149747119504682
7.149747119504682
7.149747119504682
7.149747119504682
7.149747119504682
7.149747119504682
7.149747119504682
7.149747119504682
7.149747119504682
7.149747119504682
7.149747119504682
7.149747119504682
7.149747119504682
7.149747119504682
7.149747119504682
7.149747119504682
7.149747119504682
7.149747119504682
7.149747119504682
7.149747119504682
7.149747119504682
7.149747119504682
7.149747119504682
7.149747119504682
7.149747119504682
7.149747119504682
7.149747119504682
7.149747119504682
7.149747119504682
7.149747119504682
7.149747119504682
7.149747119504682
7.149747119504682
7.149747119504682
7.149747119504682
7.149747119504682
7.149747119504682
7.149747119504682
7.149747119504682
7.149747119504682
7.149747119504682
7.149747119504682
6.149747119504682
6.149747119504682
6.149747119504682
6.149747119504682
6.149747119504682
6.149747119504682
6.149747119504682
6.149747119504682
6.149747119504682
6.149747119504682
6.149747119504682
6.149747119504682
6.149747119504682
6.149747119504682
6.149747119504682
6.149747119504682
6.149747119504682
6.149747119504682
6.149747119504682
6.149747119504682
6.149747119504682
6.149747119504682
6.149747119504682
6.149747119504682
6.149747119504682
6.149747119504682
5.564784618783526
5.564784618783526
5.564784618783526
5.564784618783526
5.564784618783526
5.149747119504682
5.149747119504682
5.149747119504682
4.564784618783526
4.564784618783526
4.564784618783526
6.870364719583405
6.870364719583405
6.870364719583405
6.870364719583405
6.870364719583405
6.870364719583405
6.870364719583405
6.870364719583405
6.870364719583405
6.870364719583405
6.870364719583405
6.870364719583405
6.870364719583405
6.870364719583405
6.870364719583405
6.870364719583405
6.870364719583405
6.870364719583405
6.870364719583405
6.870364719583405
6.870364719583405
6.870364719583405
6.870364719583405
6.870364719583405
6.870364719583405
6.870364719583405
6.870364719583405
6.870364719583405
6.870364719583405
6.870364719583405
6.870364719583405
6.870364719583405
6.870364719583405
6.870364719583405
5.870364719583405
5.870364719583405
5.870364719583405
5.870364719583405
5.870364719583405
5.870364719583405
5.870364719583405
5.870364719583405
5.870364719583405
5.870364719583405
5.870364719583405
5.870364719583405
5.870364719583405
5.870364719583405
5.870364719583405
5.870364719583405
5.870364719583405
5.870364719583405
5.870364719583405
5.870364719583405
5.870364719583405
5.870364719583405
5.870364719583405
5.870364719583405
5.870364719583405
5.870364719583405
5.870364719583405
5.870364719583405
5.870364719583405
5.285402218862249
5.285402218862249
5.285402218862249
4.870364719583405
4.548436624696042
4.0630097975258
8.118941072723507
8.118941072723507
8.118941072723507
8.118941072723507
8.118941072723507
8.118941072723507
8.118941072723507
7.118941072723508
7.118941072723508
7.118941072723508
7.118941072723508
7.118941072723508
7.118941072723508
7.118941072723508
7.118941072723508
7.118941072723508
7.118941072723508
7.118941072723508
7.118941072723508
7.118941072723508
7.118941072723508
7.118941072723508
7.118941072723508
7.118941072723508
7.118941072723508
7.118941072723508
7.118941072723508
7.118941072723508
7.118941072723508
7.118941072723508
7.118941072723508
7.118941072723508
7.118941072723508
7.118941072723508
7.118941072723508
7.118941072723508
7.118941072723508
7.118941072723508
7.118941072723508
6.533978572002351
6.533978572002351
6.118941072723508
6.118941072723508
6.118941072723508
6.118941072723508
6.118941072723508
6.118941072723508
6.118941072723508
6.118941072723508
6.118941072723508
6.118941072723508
6.118941072723508
6.118941072723508
6.118941072723508
6.118941072723508
6.118941072723508
6.118941072723508
5.797012977836145
5.533978572002351
5.533978572002351
5.533978572002351
5.533978572002351
5.533978572002351
5.533978572002351
5.533978572002351
5.533978572002351
5.118941072723508
5.118941072723508
5.118941072723508
4.9490160712811955
4.797012977836145
4.533978572002351
4.418501354582415
4.118941072723508
8.005624549193879
8.005624549193879
8.005624549193879
8.005624549193879
8.005624549193879
8.005624549193879
8.005624549193879
8.005624549193879
8.005624549193879
8.005624549193879
8.005624549193879
8.005624549193879
8.005624549193879
8.005624549193879
8.005624549193879
8.005624549193879
8.005624549193879
8.005624549193879
8.005624549193879
8.005624549193879
8.005624549193879
8.005624549193879
8.005624549193879
8.005624549193879
8.005624549193879
8.005624549193879
8.005624549193879
8.005624549193879
8.005624549193879
8.005624549193879
8.005624549193879
8.005624549193879
8.005624549193879
7.005624549193878
7.005624549193878
7.005624549193878
7.005624549193878
7.005624549193878
7.005624549193878
7.005624549193878
7.005624549193878
7.005624549193878
7.005624549193878
7.005624549193878
7.005624549193878
7.005624549193878
7.005624549193878
7.005624549193878
7.005624549193878
7.005624549193878
7.005624549193878
7.005624549193878
7.005624549193878
7.005624549193878
7.005624549193878
7.005624549193878
7.005624549193878
7.005624549193878
7.005624549193878
7.005624549193878
7.005624549193878
7.005624549193878
6.420662048472722
6.420662048472722
6.005624549193878
6.005624549193878
5.198269627136274
5.198269627136274
5.198269627136274
5.198269627136274
5.198269627136274
5.198269627136274
5.198269627136274
5.005624549193878
5.005624549193878
5.005624549193878
5.005624549193878
5.005624549193878
5.005624549193878
4.835699547751566
4.835699547751566
4.835699547751566
4.420662048472722
4.005624549193878