6.22881869049588
6.22881869049588
6.22881869049588
6.22881869049588
6.22881869049588
6.22881869049588
6.22881869049588
6.22881869049588
6.22881869049588
6.22881869049588
6.22881869049588
6.22881869049588
6.22881869049588
6.22881869049588
6.22881869049588
6.22881869049588
6.22881869049588
6.22881869049588
6.22881869049588
6.22881869049588
6.22881869049588
6.22881869049588
6.22881869049588
6.22881869049588
6.22881869049588
6.22881869049588
6.22881869049588
6.22881869049588
6.22881869049588
6.22881869049588
6.22881869049588
6.22881869049588
6.22881869049588
6.22881869049588
6.22881869049588
6.22881869049588
6.22881869049588
6.22881869049588
6.22881869049588
6.22881869049588
6.22881869049588
6.22881869049588
6.22881869049588
6.22881869049588
5.22881869049588
5.22881869049588
5.22881869049588
5.22881869049588
5.22881869049588
5.22881869049588
5.22881869049588
5.22881869049588
5.22881869049588
5.22881869049588
5.22881869049588
4.643856189774724
4.643856189774724
4.643856189774724
6.599912842187128
6.599912842187128
6.599912842187128
6.599912842187128
6.599912842187128
6.599912842187128
6.599912842187128
6.599912842187128
6.599912842187128
6.599912842187128
6.599912842187128
6.599912842187128
6.599912842187128
6.599912842187128
6.599912842187128
6.599912842187128
6.599912842187128
6.599912842187128
6.599912842187128
6.599912842187128
6.599912842187128
6.599912842187128
6.599912842187128
6.599912842187128
6.599912842187128
6.599912842187128
6.599912842187128
6.599912842187128
6.599912842187128
6.599912842187128
6.599912842187128
6.599912842187128
6.599912842187128
6.599912842187128
5.599912842187128
5.599912842187128
5.599912842187128
5.599912842187128
5.599912842187128
5.599912842187128
5.599912842187128
5.014950341465971
5.014950341465971
5.014950341465971
5.014950341465971
5.014950341465971
4.599912842187128
4.277984747299765
4.277984747299765
4.277984747299765
4.014950341465971
3.429987840744815
6.0
6.0
6.0
6.0
6.0
6.0
6.0
6.0
6.0
6.0
6.0
6.0
6.0
6.0
6.0
6.0
6.0
6.0
6.0
6.0
6.0
6.0
6.0
6.0
6.0
6.0
6.0
6.0
6.0
6.0
6.0
5.0
5.0
5.0
5.0
5.0
5.0
5.0
5.0
5.0
5.0
5.0
5.0
5.0
3.192645077942396
7.417852514885898
7.417852514885898
7.417852514885898
7.417852514885898
7.417852514885898
7.417852514885898
7.417852514885898
7.417852514885898
7.417852514885898
7.417852514885898
7.417852514885898
7.417852514885898
7.417852514885898
7.417852514885898
7.417852514885898
7.417852514885898
7.417852514885898
7.417852514885898
7.417852514885898
7.417852514885898
7.417852514885898
7.417852514885898
7.417852514885898
7.417852514885898
7.417852514885898
7.417852514885898
7.417852514885898
7.417852514885898
7.417852514885898
7.417852514885898
7.417852514885898
7.417852514885898
7.417852514885898
7.417852514885898
7.417852514885898
7.417852514885898
7.417852514885898
7.417852514885898
7.417852514885898
7.417852514885898
7.417852514885898
7.417852514885898
7.417852514885898
7.417852514885898
7.417852514885898
7.417852514885898
7.417852514885898
7.417852514885898
7.417852514885898
7.417852514885898
7.417852514885898
7.417852514885898
7.417852514885898
7.417852514885898
7.417852514885898
7.417852514885898
7.417852514885898
7.417852514885898
7.417852514885898
7.417852514885898
7.417852514885898
7.417852514885898
7.417852514885898
7.417852514885898
7.417852514885898
7.417852514885898
7.417852514885898
7.417852514885898
7.417852514885898
7.417852514885898
7.417852514885898
7.417852514885898
7.417852514885898
7.417852514885898
7.417852514885898
7.417852514885898
7.417852514885898
7.417852514885898
7.417852514885898
7.417852514885898
7.417852514885898
7.417852514885898
7.417852514885898
7.417852514885898
7.417852514885898
7.417852514885898
7.417852514885898
6.417852514885898
6.417852514885898
6.417852514885898
6.417852514885898
6.417852514885898
6.417852514885898
6.417852514885898
6.417852514885898
6.417852514885898
6.417852514885898
6.417852514885898
5.832890014164741
5.832890014164741
5.832890014164741
5.832890014164741
5.832890014164741
5.832890014164741
5.832890014164741
5.417852514885898
5.417852514885898
5.417852514885898
5.095924419998536
5.095924419998536
4.832890014164741
4.832890014164741
4.610497592828294
7.9886846867721655
7.9886846867721655
7.9886846867721655
7.9886846867721655
7.9886846867721655
7.9886846867721655
7.9886846867721655
7.9886846867721655
7.9886846867721655
7.9886846867721655
7.9886846867721655
7.9886846867721655
7.9886846867721655
7.9886846867721655
7.9886846867721655
7.9886846867721655
7.9886846867721655
7.9886846867721655
7.9886846867721655
7.9886846867721655
7.9886846867721655
7.9886846867721655
7.9886846867721655
7.9886846867721655
7.9886846867721655
7.9886846867721655
7.9886846867721655
7.9886846867721655
7.9886846867721655
7.9886846867721655
7.9886846867721655
7.9886846867721655
7.9886846867721655
7.9886846867721655
7.9886846867721655
7.9886846867721655
7.9886846867721655
7.9886846867721655
7.9886846867721655
7.9886846867721655
7.9886846867721655
7.9886846867721655
7.9886846867721655
7.9886846867721655
7.9886846867721655
7.9886846867721655
7.9886846867721655
7.9886846867721655
7.9886846867721655
7.9886846867721655
7.9886846867721655
7.9886846867721655
7.9886846867721655
7.9886846867721655
7.9886846867721655
7.9886846867721655
7.9886846867721655
7.9886846867721655
7.9886846867721655
7.9886846867721655
7.9886846867721655
7.9886846867721655
7.9886846867721655
7.9886846867721655
7.9886846867721655
7.9886846867721655
7.9886846867721655
7.9886846867721655
7.9886846867721655
7.9886846867721655
7.9886846867721655
7.9886846867721655
7.9886846867721655
7.9886846867721655
7.9886846867721655
7.9886846867721655
7.9886846867721655
7.9886846867721655
7.9886846867721655
7.9886846867721655
7.9886846867721655
7.9886846867721655
7.9886846867721655
7.9886846867721655
7.9886846867721655
7.9886846867721655
7.9886846867721655
7.9886846867721655
7.9886846867721655
7.9886846867721655
6.9886846867721655
6.9886846867721655
6.9886846867721655
6.9886846867721655
6.9886846867721655
6.9886846867721655
6.9886846867721655
6.9886846867721655
6.9886846867721655
6.9886846867721655
6.9886846867721655
6.9886846867721655
6.9886846867721655
6.9886846867721655
6.9886846867721655
6.9886846867721655
6.9886846867721655
6.9886846867721655
6.9886846867721655
6.9886846867721655
6.9886846867721655
6.9886846867721655
6.9886846867721655
6.9886846867721655
6.9886846867721655
6.9886846867721655
6.403722186051009
6.403722186051009
6.403722186051009
6.403722186051009
6.403722186051009
6.403722186051009
6.403722186051009
5.9886846867721655
5.9886846867721655
5.9886846867721655
5.9886846867721655
5.666756591884804
5.666756591884804
5.666756591884804
5.666756591884804
4.9886846867721655
4.9886846867721655
4.9886846867721655
4.9886846867721655
4.529253068134869
4.403722186051009
6.9886846867721655
6.9886846867721655
6.9886846867721655
6.9886846867721655
6.9886846867721655
6.9886846867721655
6.9886846867721655
6.9886846867721655
6.9886846867721655
6.9886846867721655
6.9886846867721655
6.9886846867721655
6.9886846867721655
6.9886846867721655
6.9886846867721655
6.9886846867721655
6.9886846867721655
6.9886846867721655
6.9886846867721655
6.9886846867721655
6.9886846867721655
6.9886846867721655
6.9886846867721655
6.9886846867721655
6.9886846867721655
6.9886846867721655
6.9886846867721655
6.9886846867721655
6.9886846867721655
6.9886846867721655
6.9886846867721655
6.9886846867721655
6.9886846867721655
6.9886846867721655
6.9886846867721655
6.9886846867721655
6.9886846867721655
6.9886846867721655
6.9886846867721655
6.9886846867721655
6.9886846867721655
6.9886846867721655
6.9886846867721655
6.9886846867721655
6.9886846867721655
6.9886846867721655
6.9886846867721655
6.9886846867721655
6.9886846867721655
6.9886846867721655
6.9886846867721655
6.9886846867721655
6.9886846867721655
6.9886846867721655
6.9886846867721655
6.9886846867721655
6.9886846867721655
6.9886846867721655
6.9886846867721655
6.9886846867721655
6.9886846867721655
6.9886846867721655
6.9886846867721655
6.9886846867721655
6.9886846867721655
6.9886846867721655
5.9886846867721655
5.9886846867721655
5.9886846867721655
5.9886846867721655
5.9886846867721655
5.9886846867721655
5.9886846867721655
5.9886846867721655
5.9886846867721655
5.9886846867721655
5.9886846867721655
5.9886846867721655
5.9886846867721655
5.9886846867721655
5.403722186051009
5.403722186051009
5.403722186051009
4.9886846867721655
4.403722186051009
4.181329764714562
4.181329764714562
7.475733430966398
7.475733430966398
7.475733430966398
7.475733430966398
7.475733430966398
7.475733430966398
7.475733430966398
7.475733430966398
7.475733430966398
7.475733430966398
7.475733430966398
7.475733430966398
7.475733430966398
7.475733430966398
7.475733430966398
7.475733430966398
7.475733430966398
7.475733430966398
7.475733430966398
7.475733430966398
7.475733430966398
7.475733430966398
7.475733430966398
7.475733430966398
7.475733430966398
7.475733430966398
7.475733430966398
7.475733430966398
7.475733430966398
7.475733430966398
7.475733430966398
7.475733430966398
7.475733430966398
7.475733430966398
7.475733430966398
7.475733430966398
7.475733430966398
7.475733430966398
7.475733430966398
7.475733430966398
7.475733430966398
7.475733430966398
7.475733430966398
7.475733430966398
7.475733430966398
7.475733430966398
7.475733430966398
7.475733430966398
7.475733430966398
7.475733430966398
7.475733430966398
7.475733430966398
7.475733430966398
7.475733430966398
7.475733430966398
7.475733430966398
7.475733430966398
7.475733430966398
7.475733430966398
7.475733430966398
7.475733430966398
7.475733430966398
7.475733430966398
7.475733430966398
7.475733430966398
7.475733430966398
7.475733430966398
7.475733430966398
7.475733430966398
7.475733430966398
7.475733430966398
7.475733430966398
7.475733430966398
7.475733430966398
7.475733430966398
7.475733430966398
7.475733430966398
7.475733430966398
7.475733430966398
7.475733430966398
7.475733430966398
7.475733430966398
7.475733430966398
7.475733430966398
7.475733430966398
7.475733430966398
7.475733430966398
7.475733430966398
7.475733430966398
7.475733430966398
7.475733430966398
7.475733430966398
7.475733430966398
7.475733430966398
6.475733430966398
6.475733430966398
6.475733430966398
6.475733430966398
6.475733430966398
6.475733430966398
5.890770930245242
5.890770930245242
5.890770930245242
5.890770930245242
5.890770930245242
5.890770930245242
5.890770930245242
5.890770930245242
5.890770930245242
5.475733430966398
5.153805336079036
5.153805336079036
4.890770930245242
4.890770930245242
4.475733430966398
4.0163018123291
6.965784284662087
6.965784284662087
6.965784284662087
6.965784284662087
6.965784284662087
6.965784284662087
6.965784284662087
6.965784284662087
6.965784284662087
6.965784284662087
6.965784284662087
6.965784284662087
6.965784284662087
6.965784284662087
6.965784284662087
6.965784284662087
6.965784284662087
6.965784284662087
6.965784284662087
6.965784284662087
6.965784284662087
6.965784284662087
6.965784284662087
6.965784284662087
6.965784284662087
6.965784284662087
6.965784284662087
6.965784284662087
6.965784284662087
6.965784284662087
6.965784284662087
6.965784284662087
6.965784284662087
6.965784284662087
6.965784284662087
6.965784284662087
6.965784284662087
6.965784284662087
6.965784284662087
6.965784284662087
6.965784284662087
6.965784284662087
6.965784284662087
6.965784284662087
6.965784284662087
6.965784284662087
6.965784284662087
6.965784284662087
6.965784284662087
6.965784284662087
6.965784284662087
6.965784284662087
6.965784284662087
6.965784284662087
6.965784284662087
6.965784284662087
6.965784284662087
6.965784284662087
6.965784284662087
6.965784284662087
6.965784284662087
6.965784284662087
6.965784284662087
6.965784284662087
6.965784284662087
6.965784284662087
6.965784284662087
6.965784284662087
6.965784284662087
6.965784284662087
6.965784284662087
6.965784284662087
6.965784284662087
6.965784284662087
6.965784284662087
6.965784284662087
6.965784284662087
6.965784284662087
6.965784284662087
5.965784284662087
5.965784284662087
5.965784284662087
5.965784284662087
5.965784284662087
5.965784284662087
5.965784284662087
5.965784284662087
5.965784284662087
5.965784284662087
5.965784284662087
5.965784284662087
5.965784284662087
5.965784284662087
5.965784284662087
5.965784284662087
5.380821783940931
5.380821783940931
5.380821783940931
4.643856189774724
6.78135971352466
6.78135971352466
6.78135971352466
6.78135971352466
6.78135971352466
6.78135971352466
6.78135971352466
6.78135971352466
6.78135971352466
6.78135971352466
6.78135971352466
6.78135971352466
6.78135971352466
6.78135971352466
6.78135971352466
6.78135971352466
6.78135971352466
6.78135971352466
6.78135971352466
6.78135971352466
6.78135971352466
6.78135971352466
6.78135971352466
6.78135971352466
6.78135971352466
6.78135971352466
6.78135971352466
6.78135971352466
6.78135971352466
6.78135971352466
6.78135971352466
6.78135971352466
6.78135971352466
6.78135971352466
6.78135971352466
6.78135971352466
6.78135971352466
6.78135971352466
6.78135971352466
6.78135971352466
6.78135971352466
6.78135971352466
6.78135971352466
6.78135971352466
6.78135971352466
6.78135971352466
6.78135971352466
6.78135971352466
6.78135971352466
6.78135971352466
6.78135971352466
6.78135971352466
6.78135971352466
6.78135971352466
6.78135971352466
6.78135971352466
6.78135971352466
6.78135971352466
6.78135971352466
6.78135971352466
6.78135971352466
6.78135971352466
6.78135971352466
6.78135971352466
6.78135971352466
6.78135971352466
6.78135971352466
6.78135971352466
6.78135971352466
6.78135971352466
6.78135971352466
6.78135971352466
6.78135971352466
6.78135971352466
6.78135971352466
6.78135971352466
6.78135971352466
5.78135971352466
5.78135971352466
5.78135971352466
5.78135971352466
5.78135971352466
5.78135971352466
5.78135971352466
5.78135971352466
5.78135971352466
5.78135971352466
5.196397212803504
5.196397212803504
5.196397212803504
4.78135971352466
7.22881869049588
7.22881869049588
7.22881869049588
7.22881869049588
7.22881869049588
7.22881869049588
7.22881869049588
7.22881869049588
7.22881869049588
7.22881869049588
7.22881869049588
7.22881869049588
7.22881869049588
7.22881869049588
7.22881869049588
7.22881869049588
7.22881869049588
7.22881869049588
7.22881869049588
7.22881869049588
7.22881869049588
7.22881869049588
7.22881869049588
7.22881869049588
7.22881869049588
7.22881869049588
7.22881869049588
7.22881869049588
7.22881869049588
7.22881869049588
7.22881869049588
7.22881869049588
7.22881869049588
7.22881869049588
7.22881869049588
7.22881869049588
7.22881869049588
7.22881869049588
7.22881869049588
7.22881869049588
7.22881869049588
7.22881869049588
7.22881869049588
7.22881869049588
7.22881869049588
7.22881869049588
7.22881869049588
7.22881869049588
7.22881869049588
7.22881869049588
7.22881869049588
7.22881869049588
7.22881869049588
7.22881869049588
7.22881869049588
7.22881869049588
7.22881869049588
7.22881869049588
7.22881869049588
7.22881869049588
7.22881869049588
7.22881869049588
7.22881869049588
7.22881869049588
7.22881869049588
7.22881869049588
7.22881869049588
7.22881869049588
7.22881869049588
7.22881869049588
7.22881869049588
6.22881869049588
6.22881869049588
6.22881869049588
6.22881869049588
6.22881869049588
6.22881869049588
6.22881869049588
6.22881869049588
6.22881869049588
6.22881869049588
6.22881869049588
6.22881869049588
6.22881869049588
6.22881869049588
6.22881869049588
6.22881869049588
5.643856189774724
5.643856189774724
5.643856189774724
5.643856189774724
5.643856189774724
5.22881869049588
5.22881869049588
5.22881869049588
4.906890595608519
4.421463768438277
4.22881869049588
8.339850002884624
8.339850002884624
8.339850002884624
8.339850002884624
8.339850002884624
8.339850002884624
8.339850002884624
8.339850002884624
8.339850002884624
8.339850002884624
8.339850002884624
8.339850002884624
8.339850002884624
8.339850002884624
8.339850002884624
8.339850002884624
8.339850002884624
8.339850002884624
8.339850002884624
8.339850002884624
8.339850002884624
8.339850002884624
8.339850002884624
8.339850002884624
8.339850002884624
8.339850002884624
8.339850002884624
8.339850002884624
8.339850002884624
8.339850002884624
8.339850002884624
8.339850002884624
8.339850002884624
8.339850002884624
8.339850002884624
8.339850002884624
8.339850002884624
8.339850002884624
8.339850002884624
8.339850002884624
8.339850002884624
8.339850002884624
8.339850002884624
8.339850002884624
8.339850002884624
8.339850002884624
8.339850002884624
8.339850002884624
8.339850002884624
8.339850002884624
8.339850002884624
8.339850002884624
8.339850002884624
8.339850002884624
8.339850002884624
8.339850002884624
8.339850002884624
8.339850002884624
8.339850002884624
8.339850002884624
8.339850002884624
8.339850002884624
8.339850002884624
8.339850002884624
8.339850002884624
8.339850002884624
8.339850002884624
8.339850002884624
8.339850002884624
8.339850002884624
8.339850002884624
8.339850002884624
8.339850002884624
8.339850002884624
8.339850002884624
8.339850002884624
8.339850002884624
8.339850002884624
8.339850002884624
8.339850002884624
8.339850002884624
8.339850002884624
8.339850002884624
8.339850002884624
8.339850002884624
8.339850002884624
8.339850002884624
8.339850002884624
8.339850002884624
8.339850002884624
8.339850002884624
8.339850002884624
8.339850002884624
8.339850002884624
8.339850002884624
8.339850002884624
8.339850002884624
8.339850002884624
8.339850002884624
8.339850002884624
8.339850002884624
8.339850002884624
8.339850002884624
8.339850002884624
8.339850002884624
8.339850002884624
8.339850002884624
8.339850002884624
8.339850002884624
8.339850002884624
8.339850002884624
8.339850002884624
8.339850002884624
8.339850002884624
8.339850002884624
8.339850002884624
8.339850002884624
8.339850002884624
8.339850002884624
8.339850002884624
8.339850002884624
8.339850002884624
8.339850002884624
8.339850002884624
8.339850002884624
8.339850002884624
8.339850002884624
8.339850002884624
7.339850002884624
7.339850002884624
7.339850002884624
7.339850002884624
7.339850002884624
7.339850002884624
7.339850002884624
7.339850002884624
7.339850002884624
7.339850002884624
7.339850002884624
7.339850002884624
7.339850002884624
7.339850002884624
7.339850002884624
7.339850002884624
7.339850002884624
7.339850002884624
7.339850002884624
7.339850002884624
7.339850002884624
7.339850002884624
7.339850002884624
7.339850002884624
7.339850002884624
7.339850002884624
7.339850002884624
7.339850002884624
7.339850002884624
6.754887502163468
6.754887502163468
6.754887502163468
6.754887502163468
6.754887502163468
6.754887502163468
6.754887502163468
6.754887502163468
6.754887502163468
6.754887502163468
6.754887502163468
6.339850002884624
6.339850002884624
6.339850002884624
6.339850002884624
6.017921907997263
5.754887502163468
5.754887502163468
5.754887502163468
5.754887502163468
5.754887502163468
5.532495080827021
5.339850002884624
5.017921907997263
5.017921907997263
4.091922489441039
8.049848549450562
8.049848549450562
8.049848549450562
8.049848549450562
8.049848549450562
8.049848549450562
8.049848549450562
8.049848549450562
8.049848549450562
8.049848549450562
8.049848549450562
8.049848549450562
8.049848549450562
8.049848549450562
8.049848549450562
8.049848549450562
8.049848549450562
8.049848549450562
8.049848549450562
8.049848549450562
8.049848549450562
8.049848549450562
8.049848549450562
8.049848549450562
8.049848549450562
8.049848549450562
8.049848549450562
8.049848549450562
8.049848549450562
8.049848549450562
8.049848549450562
8.049848549450562
8.049848549450562
8.049848549450562
8.049848549450562
8.049848549450562
8.049848549450562
8.049848549450562
8.049848549450562
8.049848549450562
8.049848549450562
8.049848549450562
8.049848549450562
8.049848549450562
8.049848549450562
8.049848549450562
8.049848549450562
8.049848549450562
8.049848549450562
8.049848549450562
8.049848549450562
8.049848549450562
8.049848549450562
8.049848549450562
7.049848549450561
7.049848549450561
7.049848549450561
7.049848549450561
7.049848549450561
7.049848549450561
7.049848549450561
7.049848549450561
7.049848549450561
7.049848549450561
7.049848549450561
7.049848549450561
6.464886048729405
6.464886048729405
6.464886048729405
6.464886048729405
6.049848549450561
6.049848549450561
6.049848549450561
6.049848549450561
6.049848549450561
6.049848549450561
6.049848549450561
5.049848549450561
5.049848549450561
5.049848549450561
5.049848549450561
5.049848549450561
5.049848549450561
5.049848549450561
5.049848549450561
5.049848549450561
5.049848549450561
5.049848549450561
5.049848549450561
5.049848549450561
4.727920454563199
4.34940883130947
3.727920454563199
7.483815777264256
7.483815777264256
7.483815777264256
7.483815777264256
7.483815777264256
7.483815777264256
7.483815777264256
7.483815777264256
7.483815777264256
7.483815777264256
7.483815777264256
7.483815777264256
7.483815777264256
7.483815777264256
7.483815777264256
7.483815777264256
7.483815777264256
7.483815777264256
7.483815777264256
7.483815777264256
7.483815777264256
7.483815777264256
7.483815777264256
7.483815777264256
7.483815777264256
7.483815777264256
7.483815777264256
7.483815777264256
7.483815777264256
7.483815777264256
7.483815777264256
7.483815777264256
7.483815777264256
7.483815777264256
7.483815777264256
7.483815777264256
7.483815777264256
7.483815777264256
7.483815777264256
7.483815777264256
7.483815777264256
7.483815777264256
7.483815777264256
7.483815777264256
7.483815777264256
7.483815777264256
7.483815777264256
7.483815777264256
7.483815777264256
7.483815777264256
7.483815777264256
7.483815777264256
7.483815777264256
7.483815777264256
7.483815777264256
7.483815777264256
7.483815777264256
7.483815777264256
7.483815777264256
6.483815777264256
6.483815777264256
6.483815777264256
6.483815777264256
5.8988532765431
5.8988532765431
5.8988532765431
5.483815777264256
5.483815777264256
5.483815777264256
5.483815777264256
4.8988532765431
4.676460855206653
3.3138907758219442
3.161887682376894
2.3138907758219442
7.294620748891627
7.294620748891627
7.294620748891627
7.294620748891627
7.294620748891627
7.294620748891627
7.294620748891627
7.294620748891627
7.294620748891627
7.294620748891627
7.294620748891627
7.294620748891627
7.294620748891627
7.294620748891627
7.294620748891627
7.294620748891627
7.294620748891627
7.294620748891627
7.294620748891627
7.294620748891627
7.294620748891627
7.294620748891627
7.294620748891627
7.294620748891627
7.294620748891627
7.294620748891627
7.294620748891627
7.294620748891627
7.294620748891627
7.294620748891627
7.294620748891627
7.294620748891627
7.294620748891627
6.294620748891627
6.294620748891627
6.294620748891627
6.294620748891627
6.294620748891627
6.294620748891627
6.294620748891627
6.294620748891627
6.294620748891627
6.294620748891627
6.294620748891627
6.294620748891627
6.294620748891627
6.294620748891627
6.294620748891627
6.294620748891627
6.294620748891627
6.294620748891627
6.294620748891627
6.294620748891627
6.294620748891627
6.294620748891627
6.294620748891627
6.294620748891627
6.294620748891627
6.294620748891627
6.294620748891627
6.294620748891627
6.294620748891627
6.294620748891627
6.294620748891627
6.294620748891627
6.294620748891627
6.294620748891627
5.709658248170471
5.709658248170471
5.709658248170471
5.709658248170471
5.294620748891627
5.294620748891627
5.294620748891627
5.294620748891627
5.294620748891627
5.294620748891627
4.709658248170471
4.709658248170471
4.294620748891627
7.78135971352466
6.78135971352466
6.78135971352466
6.78135971352466
6.78135971352466
6.78135971352466
6.78135971352466
6.78135971352466
6.78135971352466
6.78135971352466
6.78135971352466
6.78135971352466
6.78135971352466
6.78135971352466
6.78135971352466
6.78135971352466
6.78135971352466
6.78135971352466
6.78135971352466
6.78135971352466
6.78135971352466
6.78135971352466
6.78135971352466
6.78135971352466
6.78135971352466
6.78135971352466
6.78135971352466
6.78135971352466
6.78135971352466
6.78135971352466
6.78135971352466
5.78135971352466
5.78135971352466
5.78135971352466
5.78135971352466
5.78135971352466
5.78135971352466
5.78135971352466
5.78135971352466
5.78135971352466
5.78135971352466
5.78135971352466
5.78135971352466
5.78135971352466
5.78135971352466
5.78135971352466
5.78135971352466
5.78135971352466
5.78135971352466
5.78135971352466
5.78135971352466
5.78135971352466
5.78135971352466
5.196397212803504
5.196397212803504
5.196397212803504
5.196397212803504
4.78135971352466
4.611434712082347
4.459431618637297
4.459431618637297
4.459431618637297
6.820178962415188
6.820178962415188
6.820178962415188
6.820178962415188
6.820178962415188
6.820178962415188
6.820178962415188
6.820178962415188
6.820178962415188
6.820178962415188
6.820178962415188
6.820178962415188
6.820178962415188
6.820178962415188
6.820178962415188
6.820178962415188
6.820178962415188
6.820178962415188
6.820178962415188
6.820178962415188
6.820178962415188
6.820178962415188
6.820178962415188
6.820178962415188
6.820178962415188
6.820178962415188
6.820178962415188
6.820178962415188
6.820178962415188
6.820178962415188
6.820178962415188
6.820178962415188
6.820178962415188
6.820178962415188
6.820178962415188
6.820178962415188
6.820178962415188
6.820178962415188
6.820178962415188
6.820178962415188
6.820178962415188
6.820178962415188
6.820178962415188
6.820178962415188
6.820178962415188
6.820178962415188
6.820178962415188
6.820178962415188
6.820178962415188
6.820178962415188
5.820178962415188
5.820178962415188
5.820178962415188
5.820178962415188
5.820178962415188
5.820178962415188
5.820178962415188
5.820178962415188
5.820178962415188
5.235216461694032
5.235216461694032
5.235216461694032
4.820178962415188
4.235216461694032
4.235216461694032
4.235216461694032
4.012824040357583
4.012824040357583
7.515699838284043
7.515699838284043
7.515699838284043
7.515699838284043
7.515699838284043
7.515699838284043
7.515699838284043
7.515699838284043
7.515699838284043
7.515699838284043
7.515699838284043
7.515699838284043
7.515699838284043
7.515699838284043
7.515699838284043
7.515699838284043
7.515699838284043
7.515699838284043
7.515699838284043
7.515699838284043
7.515699838284043
7.515699838284043
7.515699838284043
7.515699838284043
7.515699838284043
7.515699838284043
7.515699838284043
7.515699838284043
7.515699838284043
7.515699838284043
7.515699838284043
7.515699838284043
7.515699838284043
7.515699838284043
7.515699838284043
7.515699838284043
7.515699838284043
7.515699838284043
7.515699838284043
7.515699838284043
7.515699838284043
7.515699838284043
7.515699838284043
7.515699838284043
7.515699838284043
7.515699838284043
7.515699838284043
7.515699838284043
7.515699838284043
6.515699838284043
6.515699838284043
6.515699838284043
6.515699838284043
6.515699838284043
6.515699838284043
6.515699838284043
6.515699838284043
6.515699838284043
6.515699838284043
6.515699838284043
6.515699838284043
6.515699838284043
6.515699838284043
6.515699838284043
6.515699838284043
6.515699838284043
6.515699838284043
6.515699838284043
6.515699838284043
6.515699838284043
6.515699838284043
6.515699838284043
6.515699838284043
5.930737337562887
5.930737337562887
5.515699838284043
5.515699838284043
5.515699838284043
5.19377174339668
5.19377174339668
4.930737337562887
4.930737337562887
4.708344916226438
4.515699838284043
4.515699838284043
4.19377174339668
3.8152601201429506
7.366322214245816
7.366322214245816
7.366322214245816
7.366322214245816
7.366322214245816
7.366322214245816
7.366322214245816
7.366322214245816
7.366322214245816
7.366322214245816
7.366322214245816
7.366322214245816
7.366322214245816
6.366322214245816
6.366322214245816
6.366322214245816
6.366322214245816
6.366322214245816
6.366322214245816
6.366322214245816
6.366322214245816
6.366322214245816
6.366322214245816
6.366322214245816
6.366322214245816
6.366322214245816
6.366322214245816
6.366322214245816
6.366322214245816
6.366322214245816
6.366322214245816
6.366322214245816
6.366322214245816
6.366322214245816
6.366322214245816
6.366322214245816
6.366322214245816
6.366322214245816
6.366322214245816
6.366322214245816
6.366322214245816
6.366322214245816
5.78135971352466
5.78135971352466
5.78135971352466
5.78135971352466
5.78135971352466
5.78135971352466
5.366322214245816
5.366322214245816
5.366322214245816
5.044394119358453
5.044394119358453
5.044394119358453
4.558967292188211
4.044394119358453
4.044394119358453
4.044394119358453
3.78135971352466
8.027905996569885
8.027905996569885
8.027905996569885
8.027905996569885
8.027905996569885
8.027905996569885
8.027905996569885
8.027905996569885
8.027905996569885
8.027905996569885
8.027905996569885
8.027905996569885
8.027905996569885
8.027905996569885
8.027905996569885
8.027905996569885
8.027905996569885
8.027905996569885
8.027905996569885
8.027905996569885
8.027905996569885
8.027905996569885
8.027905996569885
8.027905996569885
8.027905996569885
8.027905996569885
8.027905996569885
8.027905996569885
8.027905996569885
8.027905996569885
8.027905996569885
8.027905996569885
8.027905996569885
8.027905996569885
8.027905996569885
8.027905996569885
8.027905996569885
8.027905996569885
8.027905996569885
8.027905996569885
8.027905996569885
8.027905996569885
8.027905996569885
8.027905996569885
8.027905996569885
8.027905996569885
8.027905996569885
8.027905996569885
8.027905996569885
8.027905996569885
8.027905996569885
8.027905996569885
8.027905996569885
8.027905996569885
8.027905996569885
8.027905996569885
8.027905996569885
8.027905996569885
8.027905996569885
8.027905996569885
8.027905996569885
8.027905996569885
8.027905996569885
8.027905996569885
8.027905996569885
8.027905996569885
8.027905996569885
8.027905996569885
8.027905996569885
8.027905996569885
8.027905996569885
8.027905996569885
8.027905996569885
8.027905996569885
8.027905996569885
8.027905996569885
8.027905996569885
8.027905996569885
8.027905996569885
8.027905996569885
8.027905996569885
8.027905996569885
8.027905996569885
8.027905996569885
8.027905996569885
8.027905996569885
8.027905996569885
8.027905996569885
8.027905996569885
8.027905996569885
8.027905996569885
8.027905996569885
8.027905996569885
8.027905996569885
8.027905996569885
8.027905996569885
8.027905996569885
8.027905996569885
8.027905996569885
8.027905996569885
8.027905996569885
8.027905996569885
8.027905996569885
8.027905996569885
8.027905996569885
8.027905996569885
8.027905996569885
8.027905996569885
8.027905996569885
8.027905996569885
8.027905996569885
8.027905996569885
8.027905996569885
8.027905996569885
8.027905996569885
8.027905996569885
8.027905996569885
8.027905996569885
8.027905996569885
8.027905996569885
8.027905996569885
8.027905996569885
8.027905996569885
8.027905996569885
8.027905996569885
8.027905996569885
8.027905996569885
8.027905996569885
8.027905996569885
8.027905996569885
8.027905996569885
8.027905996569885
8.027905996569885
8.027905996569885
8.027905996569885
8.027905996569885
8.027905996569885
8.027905996569885
8.027905996569885
8.027905996569885
8.027905996569885
8.027905996569885
8.027905996569885
8.027905996569885
8.027905996569885
7.027905996569885
7.027905996569885
7.027905996569885
7.027905996569885
7.027905996569885
7.027905996569885
7.027905996569885
7.027905996569885
7.027905996569885
7.027905996569885
7.027905996569885
7.027905996569885
7.027905996569885
7.027905996569885
7.027905996569885
7.027905996569885
7.027905996569885
7.027905996569885
7.027905996569885
7.027905996569885
7.027905996569885
7.027905996569885
6.442943495848728
6.442943495848728
6.027905996569885
6.027905996569885
6.027905996569885
6.027905996569885
5.705977901682522
5.705977901682522
5.705977901682522
5.705977901682522
5.442943495848728
5.22055107451228
5.027905996569885
4.857980995127572
7.366322214245816
7.366322214245816
7.366322214245816
7.366322214245816
7.366322214245816
7.366322214245816
7.366322214245816
7.366322214245816
7.366322214245816
7.366322214245816
7.366322214245816
7.366322214245816
7.366322214245816
7.366322214245816
7.366322214245816
7.366322214245816
7.366322214245816
7.366322214245816
7.366322214245816
7.366322214245816
7.366322214245816
7.366322214245816
7.366322214245816
7.366322214245816
7.366322214245816
7.366322214245816
7.366322214245816
7.366322214245816
7.366322214245816
7.366322214245816
7.366322214245816
7.366322214245816
7.366322214245816
7.366322214245816
7.366322214245816
7.366322214245816
7.366322214245816
7.366322214245816
7.366322214245816
7.366322214245816
7.366322214245816
7.366322214245816
7.366322214245816
7.366322214245816
7.366322214245816
7.366322214245816
7.366322214245816
7.366322214245816
7.366322214245816
7.366322214245816
7.366322214245816
7.366322214245816
7.366322214245816
7.366322214245816
7.366322214245816
7.366322214245816
7.366322214245816
7.366322214245816
7.366322214245816
7.366322214245816
7.366322214245816
7.366322214245816
7.366322214245816
7.366322214245816
7.366322214245816
7.366322214245816
7.366322214245816
7.366322214245816
7.366322214245816
7.366322214245816
7.366322214245816
7.366322214245816
7.366322214245816
7.366322214245816
7.366322214245816
7.366322214245816
7.366322214245816
7.366322214245816
7.366322214245816
7.366322214245816
7.366322214245816
7.366322214245816
7.366322214245816
7.366322214245816
6.366322214245816
6.366322214245816
6.366322214245816
6.366322214245816
6.366322214245816
6.366322214245816
6.366322214245816
6.366322214245816
6.366322214245816
6.366322214245816
6.366322214245816
6.366322214245816
6.366322214245816
6.366322214245816
6.366322214245816
6.366322214245816
6.366322214245816
6.366322214245816
6.366322214245816
5.78135971352466
5.78135971352466
5.78135971352466
5.78135971352466
5.78135971352466
5.78135971352466
5.78135971352466
4.78135971352466
4.558967292188211
4.196397212803504