7.882643049361842
7.882643049361842
7.882643049361842
7.882643049361842
7.882643049361842
7.882643049361842
7.882643049361842
7.882643049361842
7.882643049361842
7.882643049361842
7.882643049361842
7.882643049361842
7.882643049361842
7.882643049361842
7.882643049361842
7.882643049361842
7.882643049361842
7.882643049361842
7.882643049361842
7.882643049361842
7.882643049361842
7.882643049361842
7.882643049361842
7.882643049361842
7.882643049361842
7.882643049361842
7.882643049361842
7.882643049361842
7.882643049361842
7.882643049361842
7.882643049361842
7.882643049361842
7.882643049361842
7.882643049361842
7.882643049361842
7.882643049361842
7.882643049361842
7.882643049361842
7.882643049361842
7.882643049361842
7.882643049361842
7.882643049361842
7.882643049361842
7.882643049361842
7.882643049361842
7.882643049361842
7.882643049361842
7.882643049361842
6.882643049361842
6.882643049361842
6.882643049361842
6.882643049361842
6.882643049361842
6.882643049361842
6.882643049361842
6.882643049361842
6.882643049361842
6.882643049361842
6.882643049361842
6.882643049361842
6.882643049361842
6.882643049361842
6.882643049361842
6.882643049361842
6.882643049361842
6.882643049361842
6.882643049361842
6.882643049361842
6.882643049361842
6.882643049361842
6.882643049361842
6.882643049361842
6.882643049361842
6.297680548640685
6.297680548640685
6.297680548640685
6.297680548640685
6.297680548640685
6.297680548640685
6.297680548640685
6.297680548640685
6.297680548640685
6.297680548640685
6.297680548640685
6.297680548640685
6.297680548640685
6.297680548640685
6.297680548640685
6.297680548640685
6.297680548640685
5.882643049361842
5.882643049361842
5.882643049361842
5.882643049361842
5.297680548640685
5.297680548640685
5.297680548640685
5.297680548640685
5.297680548640685
5.297680548640685
5.075288127304237
4.7127180479195285
4.7127180479195285
4.560714954474479
7.199672344836364
7.199672344836364
7.199672344836364
7.199672344836364
7.199672344836364
7.199672344836364
7.199672344836364
7.199672344836364
7.199672344836364
7.199672344836364
7.199672344836364
7.199672344836364
7.199672344836364
7.199672344836364
7.199672344836364
7.199672344836364
7.199672344836364
7.199672344836364
7.199672344836364
7.199672344836364
7.199672344836364
7.199672344836364
7.199672344836364
7.199672344836364
7.199672344836364
7.199672344836364
7.199672344836364
7.199672344836364
7.199672344836364
7.199672344836364
7.199672344836364
7.199672344836364
7.199672344836364
7.199672344836364
7.199672344836364
7.199672344836364
7.199672344836364
7.199672344836364
7.199672344836364
7.199672344836364
7.199672344836364
7.199672344836364
7.199672344836364
7.199672344836364
7.199672344836364
7.199672344836364
7.199672344836364
6.199672344836364
6.199672344836364
6.199672344836364
6.199672344836364
6.199672344836364
6.199672344836364
6.199672344836364
6.199672344836364
6.199672344836364
6.199672344836364
6.199672344836364
6.199672344836364
6.199672344836364
6.199672344836364
6.199672344836364
5.614709844115208
5.614709844115208
5.614709844115208
5.614709844115208
5.614709844115208
5.199672344836364
5.199672344836364
5.199672344836364
5.199672344836364
5.199672344836364
4.877744249949002
4.877744249949002
4.877744249949002
4.877744249949002
4.392317422778761
4.199672344836364
6.569855608330948
6.569855608330948
6.569855608330948
6.569855608330948
6.569855608330948
6.569855608330948
6.569855608330948
6.569855608330948
6.569855608330948
6.569855608330948
6.569855608330948
6.569855608330948
6.569855608330948
6.569855608330948
6.569855608330948
6.569855608330948
6.569855608330948
6.569855608330948
6.569855608330948
6.569855608330948
6.569855608330948
6.569855608330948
6.569855608330948
6.569855608330948
6.569855608330948
6.569855608330948
6.569855608330948
6.569855608330948
6.569855608330948
6.569855608330948
6.569855608330948
6.569855608330948
6.569855608330948
6.569855608330948
6.569855608330948
6.569855608330948
6.569855608330948
6.569855608330948
6.569855608330948
6.569855608330948
6.569855608330948
6.569855608330948
6.569855608330948
6.569855608330948
6.569855608330948
6.569855608330948
6.569855608330948
6.569855608330948
6.569855608330948
6.569855608330948
6.569855608330948
6.569855608330948
6.569855608330948
6.569855608330948
6.569855608330948
6.569855608330948
6.569855608330948
6.569855608330948
6.569855608330948
6.569855608330948
6.569855608330948
6.569855608330948
5.569855608330948
5.569855608330948
5.569855608330948
5.569855608330948
5.569855608330948
5.569855608330948
5.569855608330948
5.569855608330948
5.569855608330948
5.569855608330948
5.569855608330948
5.569855608330948
5.569855608330948
4.984893107609792
4.569855608330948
6.754887502163468
6.754887502163468
6.754887502163468
6.754887502163468
6.754887502163468
6.754887502163468
6.754887502163468
6.754887502163468
6.754887502163468
6.754887502163468
6.754887502163468
6.754887502163468
6.754887502163468
6.754887502163468
6.754887502163468
6.754887502163468
6.754887502163468
6.754887502163468
6.754887502163468
6.754887502163468
6.754887502163468
6.754887502163468
6.754887502163468
6.754887502163468
6.754887502163468
6.754887502163468
6.754887502163468
6.754887502163468
6.754887502163468
6.754887502163468
6.754887502163468
6.754887502163468
6.754887502163468
6.754887502163468
6.754887502163468
6.754887502163468
6.754887502163468
6.754887502163468
6.754887502163468
6.754887502163468
6.754887502163468
6.754887502163468
6.754887502163468
6.754887502163468
6.754887502163468
6.754887502163468
6.754887502163468
6.754887502163468
6.754887502163468
6.754887502163468
6.754887502163468
6.754887502163468
6.754887502163468
6.754887502163468
6.754887502163468
6.754887502163468
6.754887502163468
6.754887502163468
6.754887502163468
5.754887502163468
5.754887502163468
5.754887502163468
5.754887502163468
5.754887502163468
5.754887502163468
5.754887502163468
5.754887502163468
5.169925001442312
5.169925001442312
5.169925001442312
5.169925001442312
4.754887502163468
4.754887502163468
4.754887502163468
4.754887502163468
4.4329594072761065
6.820178962415188
6.820178962415188
6.820178962415188
6.820178962415188
6.820178962415188
6.820178962415188
6.820178962415188
6.820178962415188
6.820178962415188
6.820178962415188
6.820178962415188
6.820178962415188
6.820178962415188
6.820178962415188
6.820178962415188
6.820178962415188
6.820178962415188
6.820178962415188
6.820178962415188
6.820178962415188
6.820178962415188
6.820178962415188
6.820178962415188
6.820178962415188
6.820178962415188
6.820178962415188
6.820178962415188
6.820178962415188
6.820178962415188
6.820178962415188
6.820178962415188
6.820178962415188
6.820178962415188
6.820178962415188
6.820178962415188
6.820178962415188
6.820178962415188
6.820178962415188
6.820178962415188
6.820178962415188
6.820178962415188
5.820178962415188
5.820178962415188
5.820178962415188
5.820178962415188
5.820178962415188
5.820178962415188
5.820178962415188
5.820178962415188
5.820178962415188
5.820178962415188
5.820178962415188
5.820178962415188
5.820178962415188
5.820178962415188
5.820178962415188
5.820178962415188
5.820178962415188
5.820178962415188
5.235216461694032
5.235216461694032
5.235216461694032
5.235216461694032
5.235216461694032
5.235216461694032
5.235216461694032
4.820178962415188
4.498250867527825
4.235216461694032
6.339850002884624
6.339850002884624
6.339850002884624
6.339850002884624
6.339850002884624
6.339850002884624
6.339850002884624
6.339850002884624
6.339850002884624
6.339850002884624
6.339850002884624
6.339850002884624
6.339850002884624
6.339850002884624
6.339850002884624
6.339850002884624
6.339850002884624
6.339850002884624
6.339850002884624
6.339850002884624
6.339850002884624
6.339850002884624
6.339850002884624
6.339850002884624
6.339850002884624
6.339850002884624
6.339850002884624
6.339850002884624
6.339850002884624
6.339850002884624
6.339850002884624
6.339850002884624
6.339850002884624
6.339850002884624
6.339850002884624
6.339850002884624
6.339850002884624
6.339850002884624
6.339850002884624
6.339850002884624
6.339850002884624
6.339850002884624
6.339850002884624
6.339850002884624
6.339850002884624
6.339850002884624
6.339850002884624
6.339850002884624
6.339850002884624
6.339850002884624
6.339850002884624
6.339850002884624
6.339850002884624
5.339850002884624
5.339850002884624
5.339850002884624
5.339850002884624
5.339850002884624
5.339850002884624
5.339850002884624
5.339850002884624
5.339850002884624
4.754887502163468
4.754887502163468
4.339850002884624
6.78135971352466
6.78135971352466
6.78135971352466
6.78135971352466
6.78135971352466
6.78135971352466
6.78135971352466
6.78135971352466
6.78135971352466
6.78135971352466
6.78135971352466
6.78135971352466
6.78135971352466
6.78135971352466
6.78135971352466
6.78135971352466
6.78135971352466
6.78135971352466
6.78135971352466
6.78135971352466
6.78135971352466
6.78135971352466
6.78135971352466
6.78135971352466
6.78135971352466
6.78135971352466
6.78135971352466
6.78135971352466
6.78135971352466
6.78135971352466
6.78135971352466
6.78135971352466
6.78135971352466
6.78135971352466
6.78135971352466
6.78135971352466
6.78135971352466
6.78135971352466
6.78135971352466
6.78135971352466
6.78135971352466
6.78135971352466
6.78135971352466
6.78135971352466
6.78135971352466
6.78135971352466
6.78135971352466
6.78135971352466
5.78135971352466
5.78135971352466
5.78135971352466
5.78135971352466
5.78135971352466
5.78135971352466
5.78135971352466
5.78135971352466
5.78135971352466
5.78135971352466
5.78135971352466
5.78135971352466
5.196397212803504
5.196397212803504
5.196397212803504
5.196397212803504
4.78135971352466
4.78135971352466
4.78135971352466
4.78135971352466
4.459431618637297
4.459431618637297
6.882643049361842
6.882643049361842
6.882643049361842
6.882643049361842
6.882643049361842
6.882643049361842
6.882643049361842
6.882643049361842
6.882643049361842
6.882643049361842
6.882643049361842
6.882643049361842
6.882643049361842
6.882643049361842
6.882643049361842
6.882643049361842
6.882643049361842
6.882643049361842
6.882643049361842
6.882643049361842
6.882643049361842
6.882643049361842
6.882643049361842
5.882643049361842
5.882643049361842
5.882643049361842
5.882643049361842
5.882643049361842
5.882643049361842
5.882643049361842
5.882643049361842
5.882643049361842
5.882643049361842
5.882643049361842
5.882643049361842
5.882643049361842
5.882643049361842
5.882643049361842
5.882643049361842
5.882643049361842
5.882643049361842
5.882643049361842
5.882643049361842
5.882643049361842
5.882643049361842
5.882643049361842
5.882643049361842
5.882643049361842
5.882643049361842
5.882643049361842
5.882643049361842
5.297680548640685
5.297680548640685
4.882643049361842
4.882643049361842
4.882643049361842
4.882643049361842
4.560714954474479
4.297680548640685
4.297680548640685
6.794415866350106
6.794415866350106
6.794415866350106
6.794415866350106
6.794415866350106
6.794415866350106
6.794415866350106
6.794415866350106
6.794415866350106
6.794415866350106
6.794415866350106
6.794415866350106
6.794415866350106
6.794415866350106
6.794415866350106
6.794415866350106
6.794415866350106
6.794415866350106
6.794415866350106
6.794415866350106
6.794415866350106
6.794415866350106
6.794415866350106
6.794415866350106
6.794415866350106
6.794415866350106
6.794415866350106
6.794415866350106
6.794415866350106
6.794415866350106
6.794415866350106
6.794415866350106
6.794415866350106
6.794415866350106
6.794415866350106
6.794415866350106
6.794415866350106
6.794415866350106
6.794415866350106
6.794415866350106
6.794415866350106
6.794415866350106
6.794415866350106
6.794415866350106
6.794415866350106
6.794415866350106
6.794415866350106
6.794415866350106
6.794415866350106
6.794415866350106
6.794415866350106
6.794415866350106
6.794415866350106
6.794415866350106
6.794415866350106
6.794415866350106
6.794415866350106
6.794415866350106
5.794415866350106
5.794415866350106
5.794415866350106
5.794415866350106
5.794415866350106
5.794415866350106
5.794415866350106
5.794415866350106
5.20945336562895
5.20945336562895
5.20945336562895
5.20945336562895
5.20945336562895
5.20945336562895
4.794415866350106
4.794415866350106
4.472487771462744
4.20945336562895
7.129283016944966
7.129283016944966
7.129283016944966
7.129283016944966
7.129283016944966
7.129283016944966
7.129283016944966
7.129283016944966
7.129283016944966
7.129283016944966
7.129283016944966
7.129283016944966
7.129283016944966
7.129283016944966
7.129283016944966
7.129283016944966
7.129283016944966
7.129283016944966
7.129283016944966
7.129283016944966
7.129283016944966
7.129283016944966
7.129283016944966
7.129283016944966
7.129283016944966
7.129283016944966
7.129283016944966
7.129283016944966
7.129283016944966
7.129283016944966
7.129283016944966
7.129283016944966
7.129283016944966
7.129283016944966
7.129283016944966
7.129283016944966
7.129283016944966
7.129283016944966
7.129283016944966
7.129283016944966
7.129283016944966
7.129283016944966
7.129283016944966
7.129283016944966
7.129283016944966
7.129283016944966
7.129283016944966
7.129283016944966
7.129283016944966
7.129283016944966
7.129283016944966
7.129283016944966
7.129283016944966
7.129283016944966
7.129283016944966
7.129283016944966
7.129283016944966
7.129283016944966
7.129283016944966
7.129283016944966
7.129283016944966
7.129283016944966
7.129283016944966
7.129283016944966
7.129283016944966
7.129283016944966
7.129283016944966
7.129283016944966
7.129283016944966
6.129283016944966
6.129283016944966
6.129283016944966
6.129283016944966
6.129283016944966
6.129283016944966
6.129283016944966
6.129283016944966
6.129283016944966
6.129283016944966
6.129283016944966
6.129283016944966
6.129283016944966
5.54432051622381
5.54432051622381
5.54432051622381
5.54432051622381
5.54432051622381
5.54432051622381
5.54432051622381
5.54432051622381
5.54432051622381
5.129283016944966
5.129283016944966
3.807354922057604
6.845490050944376
6.845490050944376
6.845490050944376
6.845490050944376
6.845490050944376
6.845490050944376
6.845490050944376
6.845490050944376
6.845490050944376
6.845490050944376
6.845490050944376
6.845490050944376
6.845490050944376
6.845490050944376
6.845490050944376
6.845490050944376
6.845490050944376
6.845490050944376
6.845490050944376
6.845490050944376
6.845490050944376
6.845490050944376
6.845490050944376
6.845490050944376
6.845490050944376
6.845490050944376
6.845490050944376
6.845490050944376
6.845490050944376
6.845490050944376
6.845490050944376
6.845490050944376
6.845490050944376
6.845490050944376
6.845490050944376
6.845490050944376
6.845490050944376
6.845490050944376
6.845490050944376
6.845490050944376
6.845490050944376
6.845490050944376
6.845490050944376
6.845490050944376
6.845490050944376
6.845490050944376
6.845490050944376
6.845490050944376
6.845490050944376
6.845490050944376
6.845490050944376
6.845490050944376
6.845490050944376
6.845490050944376
6.845490050944376
6.845490050944376
6.845490050944376
6.845490050944376
6.845490050944376
6.845490050944376
6.845490050944376
6.845490050944376
5.845490050944376
5.845490050944376
5.845490050944376
5.845490050944376
5.845490050944376
5.845490050944376
5.845490050944376
5.845490050944376
5.845490050944376
5.845490050944376
5.260527550223219
5.260527550223219
5.260527550223219
4.845490050944376
4.523561956057013
4.260527550223219
3.6755650495020626
6.523561956057013
6.523561956057013
6.523561956057013
6.523561956057013
6.523561956057013
6.523561956057013
6.523561956057013
6.523561956057013
6.523561956057013
6.523561956057013
6.523561956057013
6.523561956057013
6.523561956057013
6.523561956057013
6.523561956057013
6.523561956057013
6.523561956057013
6.523561956057013
6.523561956057013
6.523561956057013
6.523561956057013
6.523561956057013
6.523561956057013
6.523561956057013
6.523561956057013
6.523561956057013
6.523561956057013
6.523561956057013
6.523561956057013
6.523561956057013
6.523561956057013
6.523561956057013
6.523561956057013
6.523561956057013
6.523561956057013
6.523561956057013
6.523561956057013
6.523561956057013
6.523561956057013
6.523561956057013
6.523561956057013
6.523561956057013
6.523561956057013
6.523561956057013
6.523561956057013
6.523561956057013
6.523561956057013
6.523561956057013
6.523561956057013
6.523561956057013
6.523561956057013
6.523561956057013
6.523561956057013
6.523561956057013
6.523561956057013
6.523561956057013
6.523561956057013
6.523561956057013
6.523561956057013
6.523561956057013
6.523561956057013
6.523561956057013
6.523561956057013
5.523561956057013
5.523561956057013
5.523561956057013
5.523561956057013
5.523561956057013
5.523561956057013
5.523561956057013
5.523561956057013
5.523561956057013
5.523561956057013
4.938599455335857
4.938599455335857
4.938599455335857
6.870364719583405
6.870364719583405
6.870364719583405
6.870364719583405
6.870364719583405
6.870364719583405
6.870364719583405
6.870364719583405
6.870364719583405
6.870364719583405
6.870364719583405
6.870364719583405
6.870364719583405
6.870364719583405
6.870364719583405
6.870364719583405
6.870364719583405
6.870364719583405
6.870364719583405
6.870364719583405
6.870364719583405
6.870364719583405
6.870364719583405
6.870364719583405
6.870364719583405
6.870364719583405
6.870364719583405
6.870364719583405
6.870364719583405
6.870364719583405
6.870364719583405
6.870364719583405
6.870364719583405
6.870364719583405
6.870364719583405
6.870364719583405
6.870364719583405
6.870364719583405
6.870364719583405
6.870364719583405
6.870364719583405
6.870364719583405
6.870364719583405
6.870364719583405
6.870364719583405
6.870364719583405
6.870364719583405
6.870364719583405
6.870364719583405
6.870364719583405
6.870364719583405
5.870364719583405
5.870364719583405
5.870364719583405
5.870364719583405
5.870364719583405
5.870364719583405
5.870364719583405
5.870364719583405
5.870364719583405
5.870364719583405
5.870364719583405
5.870364719583405
5.870364719583405
5.870364719583405
5.870364719583405
5.870364719583405
5.870364719583405
5.285402218862249
5.285402218862249
5.285402218862249
4.870364719583405
4.870364719583405
4.870364719583405
4.548436624696042
4.285402218862249
7.800899899920305
6.800899899920305
6.800899899920305
6.800899899920305
6.800899899920305
6.800899899920305
6.800899899920305
6.800899899920305
6.800899899920305
6.800899899920305
6.800899899920305
6.800899899920305
6.800899899920305
6.800899899920305
6.800899899920305
6.800899899920305
6.800899899920305
6.800899899920305
6.800899899920305
6.800899899920305
6.800899899920305
6.800899899920305
6.800899899920305
6.800899899920305
6.800899899920305
6.800899899920305
6.800899899920305
6.800899899920305
6.800899899920305
6.800899899920305
6.800899899920305
6.800899899920305
6.800899899920305
6.800899899920305
6.800899899920305
6.800899899920305
6.215937399199149
6.215937399199149
6.215937399199149
6.215937399199149
6.215937399199149
6.215937399199149
6.215937399199149
6.215937399199149
6.215937399199149
6.215937399199149
6.215937399199149
6.215937399199149
6.215937399199149
6.215937399199149
5.800899899920305
5.800899899920305
5.800899899920305
5.478971805032942
5.478971805032942
5.215937399199149
5.215937399199149
5.215937399199149
4.800899899920305
4.630974898477993
4.630974898477993
4.630974898477993
4.341468281283007
4.341468281283007
4.100460181779212
7.900866807980749
7.900866807980749
7.900866807980749
7.900866807980749
7.900866807980749
7.900866807980749
7.900866807980749
7.900866807980749
7.900866807980749
7.900866807980749
7.900866807980749
7.900866807980749
7.900866807980749
7.900866807980749
7.900866807980749
7.900866807980749
7.900866807980749
7.900866807980749
7.900866807980749
7.900866807980749
7.900866807980749
7.900866807980749
7.900866807980749
7.900866807980749
7.900866807980749
7.900866807980749
7.900866807980749
6.900866807980749
6.900866807980749
6.900866807980749
6.900866807980749
6.900866807980749
6.900866807980749
6.900866807980749
6.900866807980749
6.900866807980749
6.900866807980749
6.900866807980749
6.900866807980749
6.900866807980749
6.900866807980749
6.900866807980749
6.900866807980749
6.900866807980749
6.900866807980749
6.900866807980749
6.900866807980749
6.900866807980749
6.900866807980749
6.900866807980749
6.900866807980749
6.900866807980749
6.900866807980749
6.900866807980749
6.900866807980749
6.900866807980749
6.900866807980749
6.900866807980749
6.900866807980749
6.900866807980749
6.900866807980749
6.900866807980749
6.900866807980749
6.900866807980749
6.900866807980749
6.900866807980749
6.900866807980749
6.900866807980749
6.900866807980749
6.900866807980749
6.900866807980749
6.900866807980749
6.900866807980749
6.900866807980749
6.900866807980749
6.315904307259593
6.315904307259593
6.315904307259593
6.315904307259593
6.315904307259593
6.315904307259593
5.900866807980749
5.900866807980749
5.900866807980749
5.900866807980749
5.900866807980749
5.900866807980749
5.900866807980749
5.578938713093386
5.578938713093386
5.315904307259593
4.900866807980749
4.900866807980749
4.578938713093386
4.578938713093386
3.730941806538436
8.108524456778168
7.108524456778169
7.108524456778169
7.108524456778169
7.108524456778169
7.108524456778169
7.108524456778169
7.108524456778169
7.108524456778169
7.108524456778169
7.108524456778169
7.108524456778169
7.108524456778169
7.108524456778169
7.108524456778169
7.108524456778169
7.108524456778169
7.108524456778169
7.108524456778169
7.108524456778169
7.108524456778169
7.108524456778169
7.108524456778169
7.108524456778169
7.108524456778169
7.108524456778169
7.108524456778169
7.108524456778169
7.108524456778169
7.108524456778169
7.108524456778169
7.108524456778169
7.108524456778169
7.108524456778169
7.108524456778169
7.108524456778169
6.523561956057013
6.523561956057013
6.523561956057013
6.523561956057013
6.523561956057013
6.523561956057013
6.108524456778169
6.108524456778169
6.108524456778169
6.108524456778169
6.108524456778169
6.108524456778169
5.7865963618908065
5.7865963618908065
5.523561956057013
5.523561956057013
5.523561956057013
5.523561956057013
5.523561956057013
5.523561956057013
5.523561956057013
5.523561956057013
5.523561956057013
5.523561956057013
5.523561956057013
5.523561956057013
5.523561956057013
5.3011695347205645
5.108524456778169
5.108524456778169
5.108524456778169
5.108524456778169
4.7865963618908065
4.7865963618908065
4.108524456778169
6.285402218862249
6.285402218862249
6.285402218862249
6.285402218862249
6.285402218862249
6.285402218862249
6.285402218862249
6.285402218862249
6.285402218862249
6.285402218862249
6.285402218862249
6.285402218862249
6.285402218862249
6.285402218862249
6.285402218862249
6.285402218862249
6.285402218862249
6.285402218862249
6.285402218862249
6.285402218862249
6.285402218862249
6.285402218862249
6.285402218862249
6.285402218862249
6.285402218862249
6.285402218862249
6.285402218862249
6.285402218862249
6.285402218862249
6.285402218862249
6.285402218862249
6.285402218862249
6.285402218862249
6.285402218862249
6.285402218862249
6.285402218862249
6.285402218862249
6.285402218862249
6.285402218862249
6.285402218862249
6.285402218862249
6.285402218862249
6.285402218862249
6.285402218862249
6.285402218862249
6.285402218862249
6.285402218862249
6.285402218862249
6.285402218862249
6.285402218862249
5.285402218862249
5.285402218862249
5.285402218862249
5.285402218862249
5.285402218862249
5.285402218862249
5.285402218862249
5.285402218862249
4.700439718141093
4.700439718141093
4.700439718141093
4.700439718141093
6.643856189774724
6.643856189774724
6.643856189774724
6.643856189774724
6.643856189774724
6.643856189774724
6.643856189774724
6.643856189774724
6.643856189774724
6.643856189774724
6.643856189774724
6.643856189774724
6.643856189774724
6.643856189774724
6.643856189774724
6.643856189774724
6.643856189774724
6.643856189774724
6.643856189774724
6.643856189774724
6.643856189774724
6.643856189774724
6.643856189774724
6.643856189774724
6.643856189774724
6.643856189774724
6.643856189774724
6.643856189774724
6.643856189774724
6.643856189774724
6.643856189774724
6.643856189774724
6.643856189774724
6.643856189774724
6.643856189774724
6.643856189774724
6.643856189774724
6.643856189774724
6.643856189774724
6.643856189774724
6.643856189774724
6.643856189774724
6.643856189774724
6.643856189774724
6.643856189774724
6.643856189774724
6.643856189774724
6.643856189774724
6.643856189774724
6.643856189774724
6.643856189774724
6.643856189774724
6.643856189774724
6.643856189774724
6.643856189774724
6.643856189774724
6.643856189774724
6.643856189774724
6.643856189774724
6.643856189774724
5.643856189774724
5.643856189774724
5.643856189774724
5.643856189774724
5.643856189774724
5.643856189774724
5.643856189774724
5.643856189774724
5.643856189774724
5.058893689053568
5.058893689053568
5.058893689053568
4.643856189774724
4.643856189774724
4.321928094887363
6.491853096329675
6.491853096329675
6.491853096329675
6.491853096329675
6.491853096329675
6.491853096329675
6.491853096329675
6.491853096329675
6.491853096329675
6.491853096329675
6.491853096329675
6.491853096329675
6.491853096329675
6.491853096329675
6.491853096329675
6.491853096329675
6.491853096329675
6.491853096329675
6.491853096329675
6.491853096329675
6.491853096329675
6.491853096329675
6.491853096329675
6.491853096329675
6.491853096329675
6.491853096329675
6.491853096329675
6.491853096329675
6.491853096329675
6.491853096329675
6.491853096329675
6.491853096329675
6.491853096329675
6.491853096329675
6.491853096329675
6.491853096329675
6.491853096329675
6.491853096329675
6.491853096329675
6.491853096329675
6.491853096329675
6.491853096329675
6.491853096329675
6.491853096329675
6.491853096329675
6.491853096329675
6.491853096329675
6.491853096329675
6.491853096329675
6.491853096329675
6.491853096329675
6.491853096329675
6.491853096329675
6.491853096329675
6.491853096329675
6.491853096329675
6.491853096329675
6.491853096329675
6.491853096329675
6.491853096329675
6.491853096329675
6.491853096329675
6.491853096329675
6.491853096329675
6.491853096329675
6.491853096329675
6.491853096329675
6.491853096329675
6.491853096329675
6.491853096329675
6.491853096329675
5.491853096329675
5.491853096329675
5.491853096329675
5.491853096329675
5.491853096329675
5.491853096329675
5.491853096329675
5.491853096329675
4.906890595608519
6.832890014164741
6.832890014164741
6.832890014164741
6.832890014164741
6.832890014164741
6.832890014164741
6.832890014164741
6.832890014164741
6.832890014164741
6.832890014164741
6.832890014164741
6.832890014164741
6.832890014164741
6.832890014164741
6.832890014164741
6.832890014164741
6.832890014164741
6.832890014164741
6.832890014164741
6.832890014164741
6.832890014164741
6.832890014164741
6.832890014164741
6.832890014164741
6.832890014164741
6.832890014164741
6.832890014164741
6.832890014164741
6.832890014164741
6.832890014164741
6.832890014164741
6.832890014164741
6.832890014164741
6.832890014164741
6.832890014164741
6.832890014164741
6.832890014164741
6.832890014164741
6.832890014164741
6.832890014164741
5.832890014164741
5.832890014164741
5.832890014164741
5.832890014164741
5.832890014164741
5.832890014164741
5.832890014164741
5.832890014164741
5.832890014164741
5.832890014164741
5.832890014164741
5.832890014164741
5.832890014164741
5.832890014164741
5.832890014164741
5.832890014164741
5.832890014164741
4.832890014164741
4.832890014164741
4.832890014164741
4.832890014164741
4.247927513443585
3.6629650127224296
3.6629650127224296